1823 0.393489 0.167066 0.439445
1821 0.321078 0.447664 0.231258
1822 0.298639 0.218482 0.482878
1823 0.279236 0.426139 0.294625
1925 0.746044 0.0665408 0.187415
1825 0.251348 0.46535 0.283302
1925 0.139101 0.540251 0.320649
1826 0.112288 0.457249 0.430463
1928 0.194585 0.756019 0.0493961
1929 0.461829 0.100757 0.437414
1930 0.0286232 0.597236 0.374141
1931 0.586084 0.323779 0.0901373
2033 0.205578 0.058167 0.736255
1934 0.731204 0.0302507 0.238545
1936 0.0289825 0.713854 0.257164
1937 0.512666 0.184159 0.303175
1938 0.193898 0.161884 0.644218
1838 0.019045 0.45684 0.524115
1941 0.128938 0.548898 0.322165
1840 0.243892 0.0965668 0.659541
1943 0.299054 0.295306 0.40564
1842 0.443978 0.165167 0.390855
1844 0.213105 0.393533 0.393362
1744 0.721761 0.199258 0.0789815
1746 0.509506 0.287134 0.20336
1644 0.100871 0.24824 0.650888
1747 0.286313 0.0466805 0.667006
1646 0.505748 0.136629 0.357623
1648 0.470737 0.30853 0.220733
1647 0.181105 0.188846 0.630049
1649 0.508038 0.111072 0.380889
1548 0.0971009 0.72283 0.18007
1820 0.35432 0.393055 0.252625
1921 0.497969 0.291985 0.210046
1922 0.233383 0.496112 0.270504
2025 0.669266 0.22443 0.106304
2027 0.337832 0.53003 0.132137
2030 0.212121 0.656266 0.131613
2032 0.121956 0.0579894 0.820054
2036 0.16786 0.353419 0.478721
2040 0.40804 0.485748 0.106212
2043 0.513148 0.260336 0.226516
1944 0.157172 0.20799 0.634838
1946 0.618514 0.344751 0.0367349
1847 0.181558 0.0451522 0.77329
1748 0.556066 0.0105297 0.433404
1648 0.173584 0.0391499 0.787266
1550 0.711122 0.170149 0.118729
1917 0.281301 0.21329 0.505409
1918 0.166313 0.586875 0.246812
2020 0.563003 0.370977 0.0660196
2022 0.0615994 0.845177 0.0932239
2125 0.385352 0.401892 0.212756
2128 0.299582 0.286614 0.413805
2133 0.202081 0.758822 0.039097
2137 0.0897709 0.63864 0.271589
2141 0.239351 0.35125 0.409399
2044 0.0657011 0.6509 0.283399
2047 0.498507 0.440025 0.0614688
1946 0.081377 0.0507389 0.867884
1949 0.346268 0.342474 0.311258
1650 0.184393 0.622792 0.192815
1651 0.441596 0.207969 0.350435
1551 0.178443 0.554132 0.267424
1915 0.403393 0.515388 0.0812193
2016 0.78116 0.0566706 0.16217
2016 0.113503 0.0304952 0.856002
2119 0.110512 0.526492 0.362996
2223 0.535318 0.0984624 0.36622
2227 0.143762 0.527858 0.32838
2233 0.148449 0.585986 0.265565
2239 0.375944 0.411523 0.212534
2243 0.249883 0.0669303 0.683187
2146 0.428535 0.015666 0.555799
2048 0.0460388 0.359343 0.594618
1950 0.694775 0.0836593 0.221566
1850 0.264293 0.0935579 0.642149
1853 0.843939 0.0823973 0.0736634
1652 0.543191 0.0412888 0.41552
1552 0.270402 0.0989041 0.630694
1912 0.299686 0.241792 0.458522
2013 0.19156 0.49822 0.31022
2115 0.612579 0.262206 0.125215
2217 0.767039 0.0298025 0.203158
2219 0.285446 0.712559 0.00199558
2325 0.669047 0.270366 0.0605875
2333 0.255851 0.476318 0.267832
2341 0.325129 0.197344 0.477527
2246 0.277397 0.276228 0.446375
2150 0.922315 0.0293607 0.0483247
2052 0.621422 0.326425 0.0521523
1952 0.316841 0.196079 0.48708
1953 0.222997 0.0544216 0.722581
1854 0.679824 0.117474 0.202701
1754 0.396314 0.132564 0.471122
1554 0.119926 0.369954 0.51012
1910 0.169956 0.696905 0.133139
2010 0.344777 0.329211 0.326012
2111 0.399117 0.486208 0.114675
2212 0.681599 0.255012 0.0633888
2313 0.188967 0.146223 0.66481
2316 0.126293 0.0744494 0.799258
2391 0.256604 0.605787 0.137609
2346 0.0945417 0.751177 0.154282
2252 0.816901 0.0665395 0.11656
2154 0.574247 0.229007 0.196746
2055 0.197277 0.64732 0.155403
1955 0.0671994 0.929551 0.00324954
1956 0.754013 0.125264 0.120723
1856 0.525669 0.127048 0.347283
1756 0.274996 0.23955 0.485454
1657 0.559784 0.0369996 0.403216
1906 0.151347 0.0765398 0.772113
2007 0.257298 0.69423 0.048472
2107 0.311015 0.514272 0.174714
2207 0.29413 0.374026 0.331844
2307 0.625484 0.183474 0.191042
2377 0.101926 0.418455 0.479619
2367 0.867649 0.0946722 0.0376789
2355 0.173301 0.0122977 0.814401
2259 0.183484 0.362265 0.454251
2159 0.204137 0.540419 0.255444
2058 0.183137 0.298421 0.518442
2059 0.451143 0.0265041 0.522353
1959 0.52985 0.326746 0.143404
1858 0.46034 0.00196036 0.5377
1758 0.22906 0.228308 0.542632
1759 0.444502 0.037286 0.518212
1904 0.224031 0.347245 0.428724
2004 0.404333 0.423939 0.171728
2103 0.214563 0.386203 0.399234
2203 0.804601 0.168201 0.0271984
2199 0.0332513 0.962715 0.00403368
2295 0.177296 0.618224 0.20448
2367 0.0423193 0.329117 0.628564
2272 0.187468 0.489209 0.323323
2267 0.399301 0.143255 0.457443
2164 0.611504 0.0115522 0.376944
2062 0.223913 0.223648 0.552439
1962 0.0423695 0.805453 0.152177
1961 0.151431 0.266265 0.582304
1861 0.292385 0.502236 0.20538
1760 0.262118 0.13682 0.601062
1761 0.486119 0.0159043 0.497977
1902 0.384482 0.458747 0.15677
2001 0.262855 0.378086 0.359059
2101 0.839446 0.115277 0.0452772
2098 0.19973 0.579152 0.221118
2195 0.325995 0.453063 0.220942
2190 0.0935544 0.4118 0.494645
2285 0.723732 0.197121 0.0791472
2277 0.488847 0.079316 0.431837
2171 0.0570045 0.644186 0.298809
2169 0.574921 0.152466 0.272613
2066 0.539045 0.128871 0.332084
1964 0.257403 0.112383 0.630214
1965 0.848434 0.0944245 0.0571413
1863 0.165608 0.369862 0.46453
1762 0.359732 0.0229725 0.617295
1562 0.067291 0.649948 0.282761
1900 0.621902 0.364753 0.0133445
1999 0.479348 0.0809685 0.439684
1997 0.205813 0.715941 0.0782465
2095 0.209271 0.31784 0.472889
2092 0.130881 0.569701 0.299418
2189 0.608487 0.209389 0.182124
2183 0.045096 0.428436 0.526468
2179 0.150321 0.439059 0.41062
2175 0.417477 0.135461 0.447062
2071 0.105498 0.625354 0.269147
2069 0.279725 0.0472649 0.67301
1967 0.0996465 0.418235 0.482118
1864 0.171962 0.255245 0.572793
1865 0.77224 0.136447 0.0913126
1663 0.163601 0.336797 0.499601
1563 0.294989 0.568238 0.136773
1899 0.151159 0.0243595 0.824482
1898 0.31235 0.285438 0.402212
1997 0.520414 0.240493 0.239093
1994 0.366005 0.485207 0.148788
2091 0.151322 0.0870257 0.761653
2088 0.523869 0.265889 0.210242
2084 0.354046 0.294581 0.351373
2080 0.384985 0.246666 0.368349
2077 0.413426 0.382813 0.203761
2073 0.0111957 0.0221138 0.96669
1971 0.171736 0.533405 0.29486
1969 0.629933 0.0676832 0.302383
1867 0.354524 0.536232 0.109244
1666 0.183379 0.762189 0.0544315
1665 0.309738 0.189092 0.501169
1565 0.447611 0.419913 0.132476
1797 0.276809 0.561996 0.161196
1897 0.790099 0.186008 0.0238928
1894 0.246786 0.258314 0.4949
1993 0.478821 0.247244 0.273935
1990 0.335744 0.37684 0.287416
1986 0.0314054 0.193752 0.774842
2083 0.00605227 0.151521 0.842427
2081 0.729606 0.106863 0.163531
1976 0.119676 0.200202 0.680122
1974 0.463999 0.195161 0.34084
1973 0.810509 0.112277 0.0772137
1870 0.296256 0.432809 0.270935
1769 0.643173 0.151793 0.205034
1667 0.137477 0.504528 0.357995
1566 0.162763 0.284555 0.552682
1567 0.67827 0.241087 0.0806424
1795 0.308525 0.204333 0.487142
1794 0.282832 0.572797 0.144372
1893 0.634086 0.143274 0.22264
1891 0.196642 0.630258 0.1731
1888 0.0295354 0.288452 0.682013
1987 0.619342 0.201314 0.179344
1983 0.0432648 0.327598 0.629137
1981 0.459116 0.302352 0.238532
1979 0.841817 0.152867 0.00531593
1875 0.073701 0.874429 0.0518697
1873 0.0365989 0.47385 0.489552
1771 0.226346 0.25312 0.520534
1670 0.317132 0.567288 0.11558
1669 0.392126 0.148271 0.459603
1568 0.428383 0.322898 0.248719
1567 0.0276103 0.0580006 0.914389
1694 0.134768 0.799094 0.0661385
1793 0.435781 0.22519 0.339029
1791 0.145251 0.569903 0.284845
1789 0.0443429 0.835226 0.120431
1889 0.65322 0.233802 0.112978
1886 0.540674 0.315473 0.143853
1883 0.0768496 0.537005 0.386146
1881 0.269475 0.510749 0.219776
1879 0.473843 0.391586 0.134572
1877 0.59062 0.178658 0.230722
1774 0.106948 0.474571 0.41848
1672 0.319947 0.259492 0.420562
1671 0.266917 0.21468 0.518403
1570 0.284807 0.503709 0.211485
1569 0.210641 0.307739 0.48162
1468 0.178706 0.264268 0.557026
1693 0.108042 0.716476 0.175482
1692 0.225754 0.440489 0.333757
1690 0.0646353 0.284188 0.651177
1789 0.174751 0.12706 0.698189
1787 0.106337 0.268529 0.625134
1786 0.309694 0.523976 0.16633
1784 0.240796 0.678533 0.0806712
1781 0.0172038 0.753584 0.229212
1779 0.0721725 0.66487 0.262957
1777 0.0905551 0.505628 0.403817
1775 0.0228849 0.290814 0.686301
1674 0.846801 0.0830869 0.0701124
1572 0.265509 0.397709 0.336782
1571 0.256759 0.369284 0.373957
1571 0.730231 0.0289344 0.240835
1469 0.0681555 0.74215 0.189695
620 0.341686 0.330084 0.32823
621 0.147685 0.455889 0.396426
621 0.639123 0.0267396 0.334138
619 0.2448 0.450918 0.304282
623 0.438125 0.163065 0.39881
522 0.409565 0.490859 0.0995764
526 0.482939 0.248841 0.26822
525 0.642782 0.0863337 0.270884
528 0.655553 0.014191 0.330256
428 0.417998 0.552373 0.0296287
531 0.452346 0.227931 0.319723
430 0.577586 0.0836491 0.338765
533 0.153427 0.186275 0.660299
433 0.157223 0.364503 0.478274
536 0.752664 0.0709068 0.176429
436 0.629699 0.0165504 0.35375
539 0.576758 0.388656 0.0345861
439 0.207515 0.591425 0.20106
540 0.390131 0.0344247 0.575444
442 0.133781 0.749409 0.11681
540 0.33194 0.263905 0.404155
440 0.0501381 0.10539 0.844472
643 0.34334 0.0601081 0.596552
544 0.536253 0.218213 0.245535
645 0.404796 0.376956 0.218248
546 0.133679 0.43666 0.429661
646 0.23388 0.361106 0.405013
648 0.723391 0.264015 0.012594
748 0.895623 0.0268066 0.0775704
648 0.238667 0.221346 0.539987
748 0.596078 0.0808733 0.323049
749 0.236852 0.253935 0.509213
519 0.0908807 0.338633 0.570486
617 0.0797125 0.191161 0.729126
420 0.118563 0.25559 0.625847
423 0.416376 0.435318 0.148306
326 0.148913 0.4007 0.450387
330 0.380242 0.553917 0.0658406
333 0.200712 0.52734 0.271948
337 0.371322 0.5933 0.0353775
340 0.18334 0.429711 0.386949
443 0.192821 0.195976 0.611203
443 0.530004 0.288735 0.181262
446 0.174917 0.79198 0.0331027
547 0.0889196 0.367655 0.543426
548 0.1586 0.0906558 0.750744
550 0.525934 0.226618 0.247448
651 0.566833 0.0931277 0.340039
517 0.10832 0.0719934 0.819687
516 0.305944 0.410215 0.283841
419 0.448553 0.427257 0.124191
320 0.180029 0.268858 0.551113
325 0.436495 0.187586 0.375919
228 0.175287 0.355512 0.469201
232 0.301306 0.00318384 0.69551
238 0.222504 0.616287 0.161209
343 0.765366 0.107953 0.126682
345 0.172566 0.540893 0.286541
344 0.348173 0.231409 0.420418
448 0.720826 0.221495 0.0576789
448 0.101506 0.0202544 0.87824
451 0.615374 0.370171 0.0144548
552 0.78493 0.0793861 0.135684
552 0.0956146 0.640669 0.263716
414 0.257846 0.109077 0.633077
514 0.504788 0.376215 0.118997
417 0.755098 0.0425816 0.202321
318 0.667911 0.223578 0.108511
222 0.490597 0.330756 0.178647
227 0.529853 0.0909232 0.379224
132 0.149531 0.269949 0.58052
138 0.0318978 0.0308029 0.937299
245 0.407094 0.406648 0.186259
248 0.0253609 0.580278 0.394361
347 0.175865 0.0340589 0.790077
250 0.15675 0.447499 0.395751
352 0.457918 0.466721 0.0753611
453 0.36978 0.200856 0.429364
555 0.813964 0.0368373 0.149198
554 0.21693 0.588784 0.194286
412 0.453278 0.330939 0.215783
511 0.232365 0.364675 0.40296
312 0.265909 0.213881 0.520211
214 0.0777178 0.775854 0.146429
216 0.796649 0.156801 0.0465496
122 0.638431 0.0943979 0.267171
133 0.515175 0.0654423 0.419382
143 0.194038 0.257228 0.548733
50 0.180403 0.718425 0.101172
152 0.380725 0.16235 0.456925
152 0.27663 0.336667 0.386704
254 0.480763 0.461563 0.0576746
355 0.534812 0.295008 0.170179
455 0.219194 0.0741487 0.706657
455 0.0153976 0.808386 0.176217
556 0.281166 0.499913 0.218921
409 0.408962 0.476519 0.114519
509 0.62441 0.342753 0.0328368
308 0.380998 0.0282095 0.590793
208 0.234938 0.113256 0.651806
108 0.0931482 0.0786757 0.828176
110 0.887658 0.0217655 0.0905765
37 0.790448 0.111628 0.0979245
2 0.277025 0.31056 0.412415
57 0.200735 0.545542 0.253723
158 0.654107 0.121418 0.224475
157 0.142331 0.557175 0.300494
257 0.0679361 0.380069 0.551995
358 0.805793 0.138295 0.055912
358 0.0285331 0.847983 0.123484
458 0.243293 0.583155 0.173552
558 0.488367 0.47452 0.0371138
406 0.459617 0.508044 0.0323385
505 0.0324223 0.427435 0.540143
304 0.30243 0.0612867 0.636284
204 0.144818 0.658031 0.197151
203 0.68962 0.0784612 0.231919
98 0.712477 0.0066146 0.280908
19 0.240525 0.694475 0.0649996
11 0.0633457 0.0647074 0.871947
66 0.425856 0.151616 0.422528
163 0.121996 0.455105 0.422899
162 0.359246 0.287441 0.353312
261 0.0654433 0.430422 0.504135
361 0.31276 0.232618 0.454623
461 0.480075 0.0297376 0.490188
460 0.203662 0.424785 0.371553
560 0.4522 0.449057 0.0987425
402 0.239059 0.315765 0.445176
502 0.381087 0.0126588 0.606254
300 0.0430508 0.107511 0.849438
300 0.762359 0.213672 0.0239687
196 0.469464 0.0200185 0.510517
92 0.0432927 0.675598 0.281109
84 0.320591 0.15028 0.529129
76 0.185076 0.0766311 0.738293
173 0.71344 0.236319 0.0502405
168 0.177251 0.0923185 0.730431
167 0.0342719 0.895194 0.0705342
265 0.0235045 0.63997 0.336525
364 0.58415 0.107131 0.30872
463 0.12284 0.182374 0.694786
462 0.0716297 0.372854 0.555516
562 0.339784 0.506116 0.1541
500 0.875322 0.0292764 0.0954019
500 0.111463 0.479225 0.409311
398 0.588322 0.0875947 0.324083
296 0.246674 0.421441 0.331885
293 0.0940943 0.220388 0.685518
190 0.211082 0.763741 0.0251776
184 0.37882 0.0410892 0.58009
180 0.336852 0.434262 0.228885
176 0.0522243 0.619959 0.327817
275 0.920288 0.0628211 0.0168912
270 0.425903 0.011702 0.562395
369 0.451597 0.159602 0.388801
366 0.210978 0.10234 0.686682
466 0.526119 0.364627 0.109253
565 0.359965 0.182238 0.457797
564 0.19257 0.605602 0.201828
497 0.101496 0.526928 0.371576
599 0.683485 0.262938 0.053577
396 0.101533 0.728374 0.170094
394 0.624288 0.225996 0.149716
290 0.0920107 0.0781357 0.829854
288 0.391394 0.334725 0.273881
284 0.359575 0.140249 0.500176
281 0.300814 0.603677 0.0955092
278 0.325456 0.642317 0.0322276
276 0.268516 0.678794 0.0526897
373 0.408773 0.240903 0.350324
370 0.279944 0.1773 0.542756
469 0.262022 0.27573 0.462248
468 0.146636 0.748937 0.104428
567 0.433062 0.481389 0.0855497
666 0.889839 0.0446451 0.0655155
595 0.186815 0.283578 0.529607
596 0.0884484 0.655801 0.25575
494 0.278801 0.605564 0.115635
492 0.725144 0.09149 0.183366
390 0.136961 0.759975 0.103065
387 0.230314 0.597279 0.172407
384 0.562028 0.0848891 0.353083
381 0.111573 0.385478 0.502949
381 0.670725 0.280981 0.0482934
377 0.312721 0.492772 0.194506
374 0.118733 0.463031 0.418235
473 0.629457 0.315117 0.0554257
470 0.222195 0.222301 0.555504
569 0.0928394 0.295347 0.611814
669 0.513499 0.417214 0.0692871
666 0.0568894 0.0224796 0.920631
593 0.0382588 0.576256 0.385485
694 0.123384 0.244287 0.632329
593 0.632138 0.306339 0.0615228
490 0.111255 0.343141 0.545604
488 0.414427 0.0463833 0.53919
487 0.56191 0.357453 0.0806372
486 0.778533 0.117852 0.103615
483 0.18927 0.0968573 0.713873
481 0.498902 0.0998442 0.401253
478 0.737984 0.100313 0.161702
476 0.444778 0.54094 0.0142821
474 0.100023 0.848713 0.0512643
572 0.68666 0.0789457 0.234394
671 0.0671438 0.349799 0.583057
670 0.178597 0.455008 0.366394
769 0.215386 0.309194 0.47542
692 0.186169 0.207498 0.606333
793 0.470238 0.0962699 0.433492
691 0.0608284 0.44879 0.490382
590 0.473352 0.433863 0.0927859
589 0.119481 0.421608 0.458912
587 0.074935 0.165879 0.759186
484 0.043743 0.0932417 0.863015
482 0.134859 0.127078 0.738063
480 0.12267 0.289303 0.588027
579 0.532373 0.021355 0.446272
577 0.588309 0.245753 0.165939
574 0.472845 0.0285853 0.49857
674 0.478462 0.377027 0.144511
672 0.115162 0.437173 0.447665
771 0.127842 0.301869 0.570289
770 0.322551 0.302369 0.37508
791 0.341228 0.125758 0.533014
792 0.559694 0.353627 0.0866788
791 0.415549 0.0774231 0.507028
791 0.54972 0.105228 0.345052
689 0.460258 0.0898698 0.449872
586 0.137585 0.215253 0.647162
584 0.28002 0.040812 0.679168
583 0.32674 0.643941 0.029319
580 0.351156 0.0021478 0.646696
578 0.257237 0.0927318 0.650031
576 0.0908055 0.190478 0.718717
676 0.132856 0.604058 0.263086
775 0.529136 0.175081 0.295783
773 0.201818 0.442589 0.355593
772 0.275206 0.433618 0.291176
871 0.172677 0.0335911 0.793732
790 0.431264 0.150947 0.417789
791 0.251379 0.685901 0.0627203
790 0.386499 0.268798 0.344702
790 0.276267 0.532285 0.191448
688 0.353056 0.409269 0.237676
686 0.417159 0.13718 0.445661
685 0.447558 0.470011 0.082431
683 0.363471 0.409787 0.226742
681 0.289685 0.412557 0.297758
679 0.207031 0.479622 0.313348
677 0.0739623 0.599447 0.32659
776 0.423465 0.123963 0.452572
774 0.238499 0.0701583 0.691343
774 0.0524199 0.867522 0.0800576
873 0.480086 0.164711 0.355204
873 0.758637 0.223645 0.0177187
1722 0.166205 0.044255 0.78954
1722 0.275367 0.231111 0.493522
1725 0.193453 0.78593 0.0206169
1726 0.112502 0.17956 0.707938
1828 0.556592 0.281967 0.161441
1830 0.375316 0.20327 0.421414
1832 0.386945 0.0297387 0.583316
1736 0.0962698 0.665743 0.237987
1839 0.739914 0.258144 0.00194169
1841 0.825042 0.0637251 0.111233
1740 0.0984029 0.0632753 0.838322
1642 0.111214 0.196396 0.69239
1644 0.641478 0.155085 0.203437
1645 0.140239 0.08671 0.773051
1546 0.215876 0.272579 0.511545
1548 0.368875 0.534394 0.0967315
1723 0.164948 0.213825 0.621227
1722 0.781371 0.183813 0.034816
1725 0.145684 0.0967126 0.757604
1626 0.131491 0.15118 0.717328
1628 0.145648 0.0282815 0.82607
1731 0.380986 0.323374 0.29564
1733 0.368788 0.280344 0.350869
1735 0.361312 0.185804 0.452884
1638 0.0420349 0.850896 0.107069
1640 0.179138 0.758086 0.0627753
1640 0.281326 0.267646 0.451028
1643 0.604455 0.235933 0.159612
1543 0.170907 0.688498 0.140595
1545 0.393392 0.451552 0.155056
1547 0.676051 0.264693 0.0592566
1547 0.060047 0.150781 0.789172
1623 0.0534458 0.219461 0.727093
1621 0.150395 0.583906 0.265699
1525 0.160597 0.661355 0.178048
1527 0.145063 0.549785 0.305152
1529 0.290287 0.465941 0.243772
1531 0.426025 0.36956 0.204415
1532 0.170113 0.490625 0.339262
1635 0.503455 0.334902 0.161643
1637 0.065669 0.157771 0.77656
1639 0.133235 0.0363737 0.830391
1540 0.126705 0.113909 0.759386
1541 0.0257872 0.040703 0.93351
1543 0.0729739 0.287379 0.639647
1444 0.228081 0.372549 0.39937
1446 0.385091 0.442403 0.172506
1447 0.142628 0.510295 0.347077
1525 0.868353 0.0230117 0.108635
1521 0.0752437 0.624369 0.300387
1425 0.095305 0.874718 0.0299769
1426 0.235835 0.0309381 0.733227
1428 0.347406 0.0784501 0.574144
1430 0.474154 0.0886769 0.437169
1432 0.612023 0.0897352 0.298242
1434 0.765108 0.0560234 0.178869
1437 0.398312 0.2531 0.348589
1439 0.533522 0.121514 0.344963
1441 0.586401 0.392281 0.0213187
1441 0.211431 0.254823 0.533746
1443 0.397473 0.108229 0.494299
1445 0.552372 0.390408 0.0572191
1446 0.734252 0.0164669 0.249281
1448 0.834954 0.1297 0.0353461
1423 0.0436789 0.260679 0.695642
1422 0.579597 0.249293 0.17111
1425 0.230157 0.115032 0.654812
1326 0.0420104 0.3665 0.59149
1328 0.13133 0.393161 0.475509
1330 0.265726 0.4236 0.310674
1332 0.393193 0.46059 0.146217
1333 0.0496152 0.475122 0.475262
1336 0.532466 0.12158 0.345954
1338 0.620689 0.195847 0.183464
1339 0.0272833 0.290512 0.682205
1341 0.102091 0.321689 0.576221
1343 0.529609 0.341331 0.12906
1345 0.729497 0.251056 0.0194464
1346 0.486071 0.373858 0.14007
1347 0.105782 0.421248 0.472969
1323 0.0988719 0.530421 0.370707
1322 0.290734 0.601284 0.107981
1325 0.2989 0.372144 0.328956
1327 0.492134 0.213189 0.294678
1329 0.672939 0.0727239 0.254337
1230 0.0948877 0.744534 0.160578
1231 0.0193499 0.767792 0.212859
1234 0.302623 0.304494 0.392884
1236 0.382269 0.36528 0.252451
1238 0.426135 0.513396 0.0604685
1239 0.108094 0.482906 0.409
1241 0.276977 0.560546 0.162476
1242 0.308687 0.425111 0.266202
1244 0.538594 0.28515 0.176256
1245 0.259982 0.268221 0.471797
1247 0.165711 0.645916 0.188374
1222 0.267229 0.00290356 0.729867
1221 0.0845491 0.895879 0.0195714
1224 0.435765 0.0235176 0.540717
1226 0.594049 0.0540648 0.351886
1228 0.754649 0.068543 0.176808
1229 0.0142776 0.100772 0.88495
1130 0.0682174 0.101286 0.830496
1134 0.173081 0.509517 0.317402
1136 0.235537 0.581964 0.182499
1138 0.293865 0.666152 0.0399828
1139 0.157421 0.661594 0.180984
1140 0.21948 0.1193 0.661221
1243 0.733154 0.265342 0.00150416
1244 0.491177 0.242427 0.266396
1245 0.1437 0.55628 0.30002
1247 0.330357 0.584973 0.0846703
1122 0.0703438 0.37047 0.559186
1221 0.239375 0.103116 0.65751
1124 0.240936 0.393598 0.365465
1126 0.415639 0.397213 0.187148
1128 0.582296 0.402824 0.0148807
1129 0.169679 0.265118 0.565203
1133 0.646445 0.0708037 0.282752
1034 0.0351551 0.721388 0.243457
1036 0.0979915 0.782381 0.119628
1037 0.061802 0.861135 0.0770635
1038 0.0428084 0.13684 0.820352
1141 0.016068 0.554144 0.429788
1142 0.517519 0.197483 0.284998
1144 0.290543 0.428856 0.280601
1145 0.119536 0.76154 0.118924
1146 0.201571 0.0911154 0.707313
1123 0.607748 0.148784 0.243467
1121 0.40276 0.304619 0.292621
1024 0.040263 0.766135 0.193602
1025 0.0100944 0.777546 0.21236
1027 0.179709 0.605885 0.214406
1029 0.335505 0.443108 0.221387
1033 0.735572 0.197591 0.0668366
1035 0.832126 0.129487 0.0383871
1036 0.88024 0.0809577 0.0388027
1037 0.0699003 0.0578885 0.872211
1039 0.137694 0.162692 0.699614
1042 0.294876 0.596661 0.108463
1042 0.200771 0.414627 0.384602
1044 0.0960763 0.586857 0.317066
1044 0.0545735 0.0176867 0.92774
1147 0.0346486 0.232797 0.732554
1022 0.543094 0.0950131 0.361893
1020 0.405829 0.0441768 0.549994
1024 0.693759 0.124333 0.181908
1025 0.198456 0.0220681 0.779476
926 0.194085 0.178205 0.62771
930 0.550473 0.191299 0.258229
932 0.656915 0.158069 0.185016
934 0.739672 0.138575 0.121753
936 0.732115 0.133827 0.134058
937 0.0245787 0.305519 0.669902
940 0.262739 0.365613 0.371648
940 0.263421 0.162539 0.574039
1043 0.436916 0.0381192 0.524965
1045 0.820309 0.0890316 0.0906594
1046 0.633613 0.169675 0.196712
1048 0.571902 0.387018 0.0410796
922 0.629395 0.149553 0.221052
920 0.517231 0.0954167 0.387352
924 0.760438 0.166661 0.0729016
925 0.0674669 0.103599 0.828934
828 0.346383 0.0669633 0.586654
831 0.448658 0.527402 0.0239402
832 0.590264 0.128099 0.281637
834 0.617973 0.119052 0.262975
836 0.624073 0.20916 0.166768
838 0.158632 0.387095 0.454273
840 0.107374 0.418948 0.473678
840 0.0773983 0.295375 0.627227
943 0.35662 0.215086 0.428295
944 0.69906 0.0327156 0.268224
946 0.417536 0.300868 0.281597
948 0.349746 0.547657 0.102597
822 0.389408 0.526718 0.0838737
820 0.0826068 0.815353 0.10204
823 0.105558 0.467186 0.427256
726 0.105438 0.376587 0.517975
729 0.262287 0.705341 0.0323721
731 0.244556 0.622546 0.132898
733 0.21735 0.681985 0.100666
735 0.168407 0.715406 0.116187
736 0.241545 0.00175853 0.756696
738 0.164344 0.0495368 0.786119
841 0.440717 0.0719115 0.487372
841 0.261262 0.22792 0.510818
843 0.466466 0.36344 0.170094
844 0.296437 0.143936 0.559627
846 0.167651 0.455405 0.376944
848 0.0794101 0.741895 0.178695
722 0.390705 0.295952 0.313343
820 0.862496 0.0415909 0.0959131
725 0.567958 0.267677 0.164365
727 0.633073 0.0705599 0.296367
628 0.129001 0.195801 0.675199
630 0.175629 0.103471 0.7209
632 0.171388 0.0292645 0.799348
635 0.113031 0.861761 0.0252083
637 0.0376931 0.957979 0.00432819
739 0.0307416 0.128238 0.84102
741 0.0767089 0.347213 0.576078
742 0.517667 0.372171 0.110162
743 0.151906 0.714682 0.133412
744 0.0715274 0.134173 0.7943
847 0.468337 0.175867 0.355796
848 0.692507 0.0569784 0.250514
723 0.823393 0.0295369 0.14707
721 0.583788 0.13657 0.279642
623 0.0787546 0.754963 0.166282
627 0.478126 0.236593 0.285281
629 0.437888 0.127632 0.43448
631 0.32507 0.050406 0.624524
633 0.169972 0.0334576 0.796571
536 0.0375286 0.896546 0.0659251
638 0.805073 0.0399355 0.154992
640 0.615938 0.143592 0.240471
642 0.453906 0.262698 0.283396
642 0.283374 0.339805 0.376821
644 0.0137318 0.675409 0.310859
745 0.072152 0.305175 0.622673
747 0.295287 0.587028 0.117685
748 0.288382 0.384518 0.3271
1549 0.385482 0.609983 0.00453409
1450 0.313436 0.411183 0.275381
1451 0.0472306 0.794419 0.15835
1553 0.218813 0.0687714 0.712415
1555 0.368408 0.176386 0.455206
1557 0.476399 0.249122 0.274479
1559 0.566207 0.282932 0.150861
1561 0.666183 0.27314 0.060677
1562 0.784785 0.0059447 0.20927
1462 0.192476 0.200555 0.606969
1464 0.292827 0.279144 0.428029
1466 0.415171 0.37975 0.205079
1467 0.143131 0.481414 0.375454
1469 0.548101 0.1107 0.341199
1469 0.0315475 0.14096 0.827493
1549 0.380072 0.105213 0.514715
1451 0.657244 0.117316 0.225439
1452 0.835339 0.0421975 0.122464
1453 0.114272 0.34053 0.545198
1455 0.279161 0.411973 0.308866
1457 0.418919 0.464268 0.116812
1458 0.510008 0.0333896 0.456603
1460 0.520451 0.159208 0.320341
1462 0.557999 0.274043 0.167958
1463 0.437278 0.105723 0.456999
1465 0.634292 0.0499591 0.315749
1366 0.0702547 0.783403 0.146342
1366 0.127585 0.061029 0.811386
1368 0.461123 0.0501389 0.488738
1370 0.389556 0.486165 0.124279
1449 0.39703 0.450521 0.152449
1350 0.564742 0.0709755 0.364283
1352 0.552354 0.2829 0.164746
1353 0.051162 0.604561 0.344277
1355 0.221129 0.64439 0.134481
1356 0.318996 0.0658643 0.61514
1358 0.300711 0.234469 0.46482
1360 0.297976 0.388166 0.313858
1362 0.3192 0.52935 0.15145
1363 0.0972172 0.643065 0.259718
1365 0.640528 0.327617 0.0318554
1366 0.695355 0.171473 0.133172
1367 0.192627 0.293005 0.514367
1268 0.0631915 0.385429 0.55138
1371 0.759438 0.083445 0.157117
1348 0.257737 0.183004 0.559259
1250 0.29152 0.345757 0.362723
1252 0.306004 0.510099 0.183897
1254 0.155072 0.791446 0.0534822
1254 0.126942 0.0580078 0.81505
1256 0.104632 0.253656 0.641712
1258 0.0922037 0.428715 0.479082
1260 0.0861753 0.586888 0.326937
1262 0.0902932 0.750493 0.159213
1263 0.101402 0.897588 0.00101038
1264 0.12091 0.199761 0.679329
1266 0.388003 0.461347 0.15065
1267 0.157093 0.628923 0.213983
1269 0.360865 0.338251 0.300884
1270 0.565884 0.0662436 0.367872
1349 0.29253 0.359314 0.348157
1251 0.481869 0.311846 0.206285
1253 0.656549 0.284248 0.0592028
1254 0.858547 0.0651337 0.0763197
1255 0.160351 0.154212 0.685437
1257 0.332293 0.169893 0.497814
1259 0.492124 0.180325 0.327552
1261 0.651361 0.192099 0.15654
1262 0.799889 0.0286706 0.17144
1263 0.0905928 0.203857 0.70555
1265 0.3003 0.210933 0.488767
1166 0.0965733 0.714551 0.188876
1167 0.0420073 0.570756 0.387237
1169 0.271271 0.650692 0.0780371
1170 0.23551 0.279256 0.485234
1249 0.328505 0.582737 0.0887581
1150 0.454737 0.046806 0.498458
1152 0.487578 0.178314 0.334108
1154 0.397048 0.402879 0.200073
1155 0.039271 0.605078 0.355651
1157 0.219009 0.613932 0.167059
1158 0.115537 0.615317 0.269146
1160 0.0544936 0.840349 0.105157
1261 0.148559 0.0823098 0.769131
1263 0.348143 0.143032 0.508825
1265 0.545048 0.207934 0.247017
1266 0.728525 0.0234779 0.247997
1267 0.301566 0.114396 0.584038
1269 0.499937 0.233655 0.266408
1270 0.641949 0.0559459 0.302105
1248 0.147598 0.125479 0.726923
1150 0.112863 0.354155 0.532982
1152 0.0642202 0.597815 0.337965
1154 0.818327 0.146409 0.0352633
1155 0.210684 0.223255 0.566061
1157 0.389302 0.276965 0.333732
1159 0.568734 0.330531 0.100735
1160 0.602475 0.148811 0.248714
1161 0.0814458 0.329961 0.588593
1163 0.272484 0.406135 0.321381
1165 0.476337 0.489723 0.0339397
1166 0.428144 0.253608 0.318248
1167 0.191021 0.427948 0.381031
1169 0.380084 0.560195 0.0597211
1170 0.314689 0.258491 0.42682
1249 0.243444 0.0793709 0.677185
1151 0.427983 0.114447 0.457571
1153 0.614069 0.163698 0.222233
1155 0.768968 0.174159 0.0568729
1156 0.759225 0.216894 0.0238808
1157 0.203986 0.314527 0.481487
1159 0.410984 0.392611 0.196405
1060 0.362655 0.316027 0.321317
1062 0.281701 0.587777 0.130522
1063 0.225709 0.701132 0.0731583
1064 0.232964 0.150723 0.616313
1066 0.25131 0.266655 0.482035
1068 0.137054 0.596985 0.265961
1068 0.126726 0.136847 0.736426
1171 0.446784 0.114431 0.438786
1149 0.206225 0.271407 0.522368
1051 0.384864 0.315282 0.299854
1053 0.56423 0.368008 0.0677615
1054 0.576235 0.171097 0.252668
1056 0.547465 0.363726 0.0888091
1057 0.127413 0.526075 0.346512
1059 0.336155 0.611718 0.0521266
1060 0.287541 0.251761 0.460698
1062 0.185238 0.57405 0.240712
1063 0.0226183 0.921799 0.0555831
1165 0.242549 0.0624563 0.694994
1167 0.474993 0.198246 0.326761
1168 0.674551 0.0496008 0.275848
1169 0.313111 0.562752 0.124137
1170 0.313184 0.24108 0.445737
1049 0.162506 0.480815 0.356678
951 0.341849 0.521011 0.13714
952 0.430482 0.0896721 0.479846
954 0.382987 0.307757 0.309256
956 0.341397 0.50544 0.153163
957 0.0512242 0.734391 0.214384
958 0.169048 0.0731164 0.757836
960 0.0635663 0.369698 0.566736
1063 0.645068 0.0809218 0.27401
1064 0.786441 0.0911616 0.122397
1065 0.102274 0.317954 0.579771
1067 0.341372 0.473634 0.184994
1068 0.381064 0.225311 0.393625
1068 0.144148 0.0317077 0.824145
1171 0.431711 0.0433266 0.524963
949 0.110884 0.69746 0.191656
850 0.25269 0.0502218 0.697088
852 0.219893 0.253455 0.526652
854 0.181395 0.451964 0.36664
856 0.119939 0.656342 0.223719
858 0.0561794 0.891092 0.0527287
959 0.139513 0.0626853 0.797802
961 0.312032 0.181958 0.50601
963 0.51032 0.326915 0.162765
964 0.519705 0.220523 0.259773
966 0.368634 0.517288 0.114078
967 0.182863 0.76749 0.0496473
968 0.0692289 0.39488 0.535891
1071 0.759847 0.120189 0.119964
1071 0.31272 0.358355 0.328925
848 0.022655 0.0407816 0.936563
851 0.260235 0.0208196 0.718946
853 0.437843 0.0329018 0.529255
855 0.583666 0.0572697 0.359064
857 0.707077 0.101387 0.191536
858 0.824976 0.0406266 0.134398
859 0.021831 0.270927 0.707242
861 0.175138 0.404253 0.420609
863 0.357142 0.570028 0.0728304
864 0.276575 0.186556 0.536868
866 0.0686466 0.621322 0.310031
968 0.825663 0.141378 0.0329593
969 0.293249 0.324453 0.382298
970 0.517024 0.110707 0.372268
971 0.200638 0.702737 0.0966254
849 0.0263281 0.326861 0.646811
751 0.262459 0.315962 0.421578
753 0.436249 0.295619 0.268132
755 0.566119 0.284648 0.149234
757 0.659818 0.302436 0.0377463
758 0.617595 0.164043 0.218362
760 0.523463 0.34729 0.129247
762 0.376538 0.603429 0.020033
763 0.156274 0.82198 0.0217465
865 0.335671 0.0669097 0.59742
867 0.460617 0.282968 0.256416
868 0.462335 0.284172 0.253493
869 0.0955793 0.704262 0.200158
870 0.103011 0.365896 0.531093
973 0.871702 0.0629713 0.0653267
749 0.0288129 0.705829 0.265358
651 0.311933 0.658048 0.0300193
652 0.415039 0.0697066 0.515255
654 0.472936 0.112516 0.414548
656 0.529003 0.0482736 0.422723
658 0.719219 0.0803143 0.200466
660 0.670909 0.152963 0.176128
662 0.55913 0.303819 0.137051
765 0.880326 0.0986542 0.0210195
765 0.0644125 0.362755 0.572832
767 0.163137 0.618355 0.218508
768 0.0747674 0.393462 0.531771
870 0.751629 0.0972878 0.151083
871 0.294982 0.423176 0.281842
872 0.447113 0.33851 0.214378
1470 0.464483 0.0656885 0.469828
1472 0.203027 0.762954 0.0340188
1573 0.37382 0.122135 0.504045
1574 0.568797 0.0841511 0.347051
1576 0.159271 0.786575 0.0541542
1677 0.00571885 0.768371 0.22591
1679 0.0810783 0.900381 0.0185407
1680 0.0207112 0.0976699 0.881619
1783 0.119935 0.0114862 0.868579
1684 0.0367206 0.0868485 0.876431
1687 0.326604 0.541639 0.131756
1689 0.424993 0.46329 0.111717
1691 0.602929 0.370767 0.0263038
1692 0.701371 0.18076 0.117869
1693 0.24985 0.268296 0.481854
1370 0.240748 0.0668211 0.692431
1473 0.712676 0.269462 0.0178618
1473 0.0766342 0.515354 0.408012
1474 0.227993 0.134228 0.637779
1577 0.574423 0.0561278 0.369449
1679 0.809309 0.0538287 0.136863
1680 0.837249 0.104512 0.0582389
1681 0.0402494 0.225479 0.734272
1683 0.110992 0.24355 0.645457
1685 0.186365 0.218989 0.594646
1586 0.210098 0.154411 0.635491
1588 0.243434 0.252208 0.504358
1590 0.281724 0.391517 0.326759
1592 0.307864 0.593856 0.0982804
1593 0.171105 0.710177 0.118718
1371 0.136911 0.218085 0.645004
1372 0.345322 0.155952 0.498726
1374 0.141689 0.669904 0.188406
1475 0.107782 0.104806 0.787412
1477 0.316737 0.320362 0.362901
1478 0.384005 0.249172 0.366823
1580 0.596401 0.228553 0.175047
1582 0.545994 0.416271 0.0377349
1583 0.0920342 0.4681 0.439866
1585 0.209461 0.451314 0.339225
1587 0.356269 0.0422301 0.6015
1589 0.513341 0.0318801 0.454779
1591 0.688619 0.0231218 0.288259
1593 0.886268 0.0265536 0.0871787
1593 0.117352 0.0586649 0.823983
1272 0.436404 0.476892 0.0867036
1373 0.343581 0.0438595 0.612559
1375 0.610624 0.213404 0.175972
1376 0.607747 0.254626 0.137627
1377 0.0742429 0.52916 0.396597
1378 0.25367 0.0590515 0.687278
1480 0.358443 0.396964 0.244593
1482 0.322087 0.604031 0.0738812
1483 0.0871572 0.686852 0.22599
1485 0.227371 0.673438 0.0991912
1486 0.357344 0.0137286 0.628928
1489 0.483052 0.275727 0.241222
1491 0.653694 0.288512 0.0577941
1492 0.698847 0.146666 0.154488
1493 0.0552537 0.329173 0.615574
1172 0.10867 0.658772 0.232558
1273 0.0740482 0.0918667 0.834085
1275 0.453855 0.507492 0.038653
1276 0.337962 0.365696 0.296342
1278 0.179868 0.742787 0.0773444
1278 0.0334887 0.126772 0.83974
1381 0.554291 0.228543 0.217167
1382 0.106907 0.7944 0.0986934
1383 0.08756 0.89478 0.0176603
1384 0.116796 0.13404 0.749164
1386 0.0703437 0.545146 0.384511
1389 0.456979 0.49547 0.0475518
1390 0.489562 0.143954 0.366484
1392 0.473529 0.340898 0.185573
1394 0.441464 0.546353 0.0121828
1173 0.630701 0.241156 0.128143
1174 0.624234 0.23928 0.136487
1174 0.215652 0.110138 0.67421
1176 0.0892246 0.469922 0.440854
1279 0.776056 0.0844085 0.139535
1279 0.0209179 0.210774 0.768308
1281 0.208621 0.330227 0.461153
1282 0.484567 0.179898 0.335536
1383 0.22433 0.202194 0.573477
1385 0.429781 0.193517 0.376702
1387 0.633674 0.173783 0.192543
1288 0.286219 0.283402 0.430379
1290 0.260032 0.508747 0.231221
1292 0.229999 0.732377 0.0376237
1395 0.819671 0.0622008 0.118129
1172 0.190597 0.574151 0.235252
1172 0.0554583 0.000892866 0.943649
1275 0.371363 0.196393 0.432244
1277 0.562736 0.308572 0.128692
1278 0.573895 0.164733 0.261373
1280 0.462398 0.433001 0.104601
1281 0.121088 0.642085 0.236827
1282 0.208015 0.340403 0.451582
1284 0.1531 0.553639 0.29326
1285 0.425989 0.410495 0.163515
1286 0.612769 0.0286692 0.358562
1188 0.076864 0.445755 0.477381
1190 0.0474126 0.679922 0.272666
1192 0.0201666 0.90709 0.0727438
1294 0.72168 0.0173593 0.260961
1173 0.635489 0.23572 0.128791
1174 0.649308 0.173546 0.177146
1175 0.0978159 0.471735 0.430449
1176 0.424291 0.0386954 0.537014
1178 0.328018 0.304005 0.367977
1180 0.200648 0.619395 0.179958
1182 0.149468 0.787164 0.0633677
1283 0.108962 0.217548 0.673489
1285 0.645986 0.152599 0.201415
1284 0.173272 0.0143695 0.812359
1286 0.212244 0.139908 0.647848
1288 0.264275 0.25471 0.481014
1290 0.329408 0.357178 0.313413
1292 0.402808 0.445509 0.151683
1394 0.830388 0.102235 0.0673774
1172 0.19445 0.59045 0.2151
1173 0.0662451 0.898559 0.0351959
1275 0.259834 0.0437576 0.696408
1277 0.442033 0.115838 0.442129
1178 0.145941 0.697997 0.156062
1179 0.0778682 0.886291 0.035841
1180 0.0874063 0.143856 0.768738
1283 0.35041 0.45983 0.189761
1285 0.495739 0.488763 0.0154985
1285 0.195222 0.110429 0.694349
1287 0.365731 0.0773966 0.556872
1188 0.0394613 0.501644 0.458894
1190 0.100092 0.623977 0.275931
1190 0.0925598 0.0914324 0.816008
1294 0.597473 0.356479 0.0460479
1173 0.682592 0.14821 0.169198
1174 0.775746 0.134766 0.0894878
1175 0.182335 0.287863 0.529802
1177 0.379357 0.333172 0.287471
1179 0.538175 0.380374 0.0814507
1179 0.0391938 0.147404 0.813402
1181 0.196192 0.162357 0.641451
1183 0.341362 0.182037 0.476601
1184 0.314 0.137812 0.548188
1185 0.19247 0.326748 0.480782
1187 0.376541 0.297312 0.326147
1189 0.565128 0.262563 0.172309
1090 0.10545 0.710788 0.183762
1091 0.0789373 0.833285 0.0877773
1092 0.244952 0.0311914 0.723857
1072 0.551696 0.0320856 0.416218
1074 0.495861 0.340824 0.163314
1075 0.131937 0.53953 0.328533
1077 0.3337 0.555648 0.110653
1078 0.429255 0.0613944 0.509351
1080 0.661009 0.286452 0.0525392
1081 0.169917 0.339275 0.490809
1083 0.478601 0.386747 0.134653
1084 0.583463 0.0556574 0.360879
1086 0.54591 0.257005 0.197086
1087 0.421744 0.245429 0.332828
1089 0.62556 0.232332 0.142108
1090 0.797607 0.042626 0.159767
1091 0.128512 0.151513 0.719975
1093 0.354942 0.0706941 0.574364
972 0.213092 0.298731 0.488177
974 0.188222 0.60222 0.209558
975 0.101819 0.802904 0.0952769
976 0.219523 0.0824879 0.697989
978 0.235149 0.395958 0.368893
979 0.112766 0.569735 0.3175
881 0.379017 0.609055 0.0119283
882 0.381268 0.17723 0.441501
984 0.387607 0.202397 0.409996
986 0.339265 0.413109 0.247626
988 0.285719 0.646831 0.0674506
988 0.51021 0.108238 0.381551
990 0.521593 0.329487 0.14892
991 0.175746 0.442291 0.381963
993 0.85182 0.133917 0.0142627
973 0.456059 0.224821 0.31912
975 0.768897 0.213422 0.0176806
975 0.103089 0.157271 0.73964
977 0.450449 0.110171 0.439379
979 0.632814 0.0517973 0.315389
879 0.121074 0.783643 0.0952835
780 0.153585 0.215 0.631415
782 0.151297 0.369657 0.479046
784 0.12366 0.553513 0.322827
886 0.130253 0.556337 0.31341
888 0.0420517 0.818008 0.139941
888 0.226068 0.357189 0.416742
890 0.19895 0.638792 0.162258
890 0.407289 0.240117 0.352594
892 0.504512 0.458665 0.0368225
873 0.317983 0.551946 0.130071
874 0.524818 0.17225 0.302932
875 0.161376 0.394245 0.444379
877 0.415234 0.278446 0.30632
879 0.604176 0.17614 0.219684
779 0.121032 0.210866 0.668101
781 0.264717 0.168595 0.566688
783 0.393888 0.167201 0.438911
785 0.61306 0.141196 0.245745
787 0.755281 0.223783 0.0209366
888 0.725294 0.0362522 0.238453
890 0.593765 0.376909 0.0293257
890 0.771371 0.0119738 0.216655
891 0.650871 0.0868286 0.262301
790 0.0381129 0.10341 0.858477
1695 0.60145 0.398052 0.000497451
1696 0.364386 0.54644 0.0891738
1798 0.928607 0.0057839 0.0656094
1799 0.326951 0.543457 0.129592
1800 0.363692 0.265689 0.370618
1802 0.176234 0.391096 0.43267
1904 0.932026 0.0314889 0.0364848
1907 0.771796 0.140846 0.0873573
1909 0.0207923 0.0172749 0.961933
1812 0.103996 0.709278 0.186726
1814 0.266947 0.403778 0.329274
1816 0.462312 0.175836 0.361853
1819 0.391366 0.209763 0.398871
1720 0.091594 0.524677 0.383729
1594 0.191761 0.245143 0.563096
1596 0.0308722 0.628131 0.340997
1699 0.625828 0.33944 0.034732
1699 0.0907116 0.810961 0.098327
1700 0.0376829 0.817525 0.144792
1803 0.850552 0.135046 0.0144014
1804 0.750266 0.0451093 0.204625
1806 0.689486 0.0127253 0.297789
1808 0.375843 0.209006 0.415151
1812 0.909513 0.0435933 0.046894
1714 0.057009 0.835651 0.10734
1716 0.281423 0.311409 0.407168
1718 0.462689 0.192298 0.345014
1720 0.615754 0.205341 0.178905
1595 0.314544 0.136049 0.549406
1597 0.292952 0.441282 0.265766
1598 0.168532 0.62045 0.211018
1699 0.568579 0.0800041 0.351417
1701 0.663544 0.218107 0.118349
1702 0.668295 0.0334239 0.298281
1807 0.793482 0.066652 0.139866
1809 0.783421 0.0225588 0.19402
1710 0.098848 0.678007 0.223145
1710 0.251181 0.317562 0.431257
1714 0.633848 0.279208 0.0869435
1616 0.0929285 0.707931 0.19914
1618 0.224104 0.601443 0.174453
1620 0.323372 0.628952 0.0476759
1496 0.42988 0.549159 0.0209611
1497 0.161209 0.676396 0.162394
1598 0.782726 0.169152 0.0481226
1599 0.429526 0.328127 0.242346
1601 0.539686 0.429285 0.031029
1704 0.699042 0.0535683 0.24739
1706 0.728852 0.0631697 0.207979
1708 0.792572 0.0347275 0.172701
1711 0.869325 0.118792 0.0118836
1612 0.030917 0.888046 0.0810366
1614 0.326552 0.451809 0.22164
1616 0.752546 0.0935331 0.15392
1618 0.542731 0.216231 0.241038
1520 0.223386 0.584687 0.191927
1394 0.100012 0.0325395 0.867448
1497 0.662824 0.313579 0.0235973
1498 0.57623 0.250081 0.17369
1499 0.339648 0.549665 0.110687
1602 0.488394 0.165977 0.34563
1604 0.508685 0.24053 0.250785
1606 0.543554 0.288065 0.168382
1608 0.61868 0.275061 0.106259
1610 0.709479 0.251 0.0395209
1613 0.869014 0.024218 0.106768
1514 0.114529 0.870493 0.0149781
1517 0.584978 0.140248 0.274774
1416 0.0512524 0.239394 0.709353
1519 0.0323253 0.115008 0.852667
1395 0.0440198 0.140697 0.815283
1396 0.47147 0.103755 0.424776
1398 0.427242 0.444999 0.127759
1501 0.619765 0.164726 0.215508
1502 0.517372 0.0151611 0.467467
1504 0.529428 0.101698 0.368874
1506 0.564391 0.151104 0.284505
1508 0.624887 0.179257 0.195857
1510 0.720296 0.172149 0.107556
1412 0.0898443 0.654609 0.255546
1414 0.231159 0.664098 0.104744
1416 0.642465 0.107046 0.250489
1418 0.741299 0.184174 0.0745268
1419 0.0931577 0.179528 0.727314
1295 0.322893 0.661642 0.0154645
1296 0.273273 0.242082 0.484645
1399 0.453668 0.34982 0.196512
1400 0.325201 0.0683756 0.606423
1402 0.345416 0.186706 0.467878
1404 0.378302 0.277174 0.344524
1406 0.430589 0.339948 0.229463
1409 0.580067 0.321809 0.0981239
1411 0.722401 0.226441 0.0511576
1413 0.872272 0.0986232 0.0291046
1312 0.0502445 0.00196418 0.947791
1316 0.45981 0.41567 0.12452
1317 0.0499458 0.426008 0.524046
1321 0.879474 0.0693369 0.0511894
1296 0.314735 0.591036 0.0942283
1297 0.138131 0.668725 0.193144
