1330 9.10144e-15 1 3.2733e-15
3564 0.890347 0.0405005 0.0691521
208 0.101378 0.411167 0.487456
2029 0 0.5 0.5
643 0.206196 0.320255 0.473548
2029 0.480826 0.261147 0.258028
235 0.537419 0.371244 0.0913369
847 0.404085 0.201595 0.39432
848 0.676418 0.0321508 0.291431
2722 0.384385 0.3313 0.284315
3182 0.328946 0.147549 0.523505
3747 0.0282672 0.636212 0.335521
416 0.782047 0.0520191 0.165934
3286 0.228589 0.336338 0.435073
3285 0 0.5 0.5
1317 0.5 0.5 0
2678 0.310091 0.669402 0.020507
1511 0.622999 0.033403 0.343598
2282 0.155341 0.310658 0.534002
2281 0.598061 0.195354 0.206585
1680 0.421679 0.567996 0.0103256
795 0.0132225 0.429789 0.556988
177 0.028351 0.723602 0.248047
3501 0.0406681 0.127096 0.832236
2485 0.0302814 0.36614 0.603579
3236 0.46063 0.323905 0.215465
1941 0.563448 0.232562 0.20399
4079 0.559067 0.177954 0.262979
270 0.5 0 0.5
2104 0.70896 0.0883002 0.202739
2405 0.0216 0.824439 0.153961
4195 0.65199 0.259095 0.0889144
2997 0.135129 0.570336 0.294535
1807 0.106775 0.148545 0.74468
3234 0.356782 0.295098 0.34812
1241 0.390745 0.317566 0.291689
2682 0.0715562 0.446066 0.482377
2682 0.617252 0.266362 0.116387
4170 0.264991 0.462039 0.27297
2688 0.099173 0.581523 0.319304
3555 0.303373 0.0169759 0.679651
1557 0.0105428 0.394359 0.595098
1878 0.905881 0.0819888 0.0121304
4331 0.60592 0.227377 0.166703
2295 0.0598821 0.239387 0.70073
4334 0.5 0 0.5
3953 0 0.5 0.5
2377 0 0.5 0.5
3925 0.0496074 0.000123835 0.950269
620 0.219522 0.154526 0.625952
398 0.244241 0.421309 0.33445
1459 0.5 0 0.5
1993 0.0695283 0.0279428 0.902529
1395 0.294637 0.171469 0.533895
3951 0.192825 0.515884 0.291291
1419 0.13224 0.521796 0.345964
1419 0.426967 0.0147971 0.558235
237 0.627333 0.276872 0.0957946
1228 0.153928 0.629335 0.216738
3940 0.605923 0.380044 0.0140326
3562 0.725825 0.0925325 0.181642
2182 0.117815 0.00308674 0.879098
3110 0.847975 0.129957 0.0220681
764 0.168479 0.612487 0.219034
3461 0.5 0 0.5
3462 0.300386 0.0548783 0.644736
210 0.791817 0.179476 0.0287072
1439 0.348418 0.451315 0.200268
3807 0.621706 0.125836 0.252458
3729 0.333754 0.13595 0.530296
3321 0.127043 0.771816 0.101141
130 0.218221 0.200574 0.581205
2776 0.549081 0.0330894 0.41783
1297 0.478511 0.446304 0.0751851
2299 0.5 0.5 0
1693 0.0444355 0.317761 0.637803
2245 0.155536 0.138942 0.705522
2210 0.272836 0.147825 0.579339
3252 0.597239 0.360575 0.0421852
4176 0.562924 0.142497 0.294579
899 0.61053 0.286603 0.102866
2447 0.5 0.5 0
4113 0.321856 0.353146 0.324999
1448 0.00343639 0.634692 0.361872
1507 0.0706753 0.925495 0.00383004
2860 0.207626 0.745114 0.0472593
195 0.883008 0.0286532 0.0883392
4498 0.699661 0.0104204 0.289919
2436 0.634846 0.148625 0.216529
3 0.630444 0.0760144 0.293542
1115 0.265935 0.493584 0.240481
375 0.701688 0.113507 0.184805
1834 0.5 0.5 0
1232 0.27127 0.647014 0.0817157
3969 0.208738 0.267282 0.52398
2328 0.34379 0.488007 0.168204
1001 0.274204 0.698198 0.0275983
1001 0.124299 0.394938 0.480762
528 0.422121 0.547024 0.0308551
2400 0.452272 0.0193502 0.528378
263 0.5 0.5 0
1060 0.0482139 0.729804 0.221982
3568 0.117524 0.267348 0.615127
2164 0.437318 0.0647319 0.49795
931 0.16403 0.275315 0.560655
3500 0.361723 0.489278 0.148999
4421 0.79062 0.144521 0.0648595
2629 0.22194 0.116101 0.661959
1959 0.917135 0.0632013 0.019664
3759 0.5 0 0.5
1959 0.384467 0.479032 0.1365
4438 0.483176 0.271623 0.245201
1016 0.397372 0.486883 0.115746
2368 0.139428 0.829288 0.0312837
2926 0.235718 0.70675 0.0575323
4126 0.12504 0.808236 0.0667236
2927 0.523838 0.158388 0.317774
3980 0.487391 0.111676 0.400933
1188 0.447933 0.390065 0.162002
2864 0.331065 0.0743579 0.594577
3776 0.124257 0.329054 0.546689
23 0.366593 0.558942 0.0744646
830 0.185142 0.651837 0.163021
4425 0.253541 0.644871 0.101588
4426 0.62714 0.108473 0.264386
1157 0.35977 0.275569 0.364661
4416 0.690055 0.0941334 0.215812
3256 0.60245 0.189634 0.207917
504 0.462851 0.491609 0.0455398
3864 0.401285 0.40688 0.191835
1606 0.105579 0.861713 0.0327085
4536 0.396937 0.321695 0.281368
585 0.365424 0.564465 0.0701104
3416 0.226335 0.491265 0.282399
1654 0.343556 0.109669 0.546775
1391 0 0.5 0.5
3810 0.689297 0.057593 0.25311
3032 0.564839 0.423921 0.0112398
3621 0.622867 0.14358 0.233553
891 0.0890038 0.905747 0.00524891
1668 0.410864 0.446511 0.142625
3001 0.0970575 0.107876 0.795066
139 0.130451 0.362395 0.507154
2825 0.262037 0.517797 0.220166
2465 0.272863 0.0180989 0.709038
4228 0.324492 0.671546 0.00396225
3319 0.745367 0.208846 0.0457871
16 0.740039 0.197957 0.0620042
538 0.761267 0.229386 0.00934708
4458 0.209277 0.214525 0.576198
414 0.14269 0.398931 0.458379
15 0.328703 0.235754 0.435543
15 0.599559 0.340066 0.0603758
15 0.553763 0.422175 0.0240613
1114 0.401432 0.543293 0.0552744
4035 0.0763258 0.0438056 0.879869
125 0.473477 0.0293186 0.497204
2499 0.737851 0.204918 0.0572305
4460 0.0345435 0.737142 0.228315
2498 0.298035 0.247498 0.454468
858 0.294646 0.379401 0.325953
1415 0.294169 0.701414 0.00441727
3473 0.580343 0.115772 0.303885
1111 0.245288 0.599216 0.155495
3566 0.527448 0.361377 0.111175
1110 0.553591 0.402977 0.0434313
1557 0.838363 0.121494 0.0401427
3556 0.138423 0.0366184 0.824959
1227 0.54823 0.392296 0.059474
292 0.261365 0.110534 0.628101
2398 0.657992 0.129495 0.212513
1596 0.24259 0.362468 0.394942
1596 0.175639 0.607784 0.216578
3032 0.0536695 0.589394 0.356936
2168 0.307202 0.434487 0.258312
457 0.631129 0.0711201 0.297751
1294 0.398885 0.42157 0.179545
664 0.829773 0.166959 0.00326895
1556 0.413786 0.0430888 0.543125
3454 0.0295301 0.0256542 0.944816
2964 0.235337 0.441514 0.323148
701 0.205847 0.775968 0.0181847
701 0.433746 0.310722 0.255532
2363 0.657176 0.201463 0.141361
1799 0.0427716 0.791783 0.165445
2157 0.480372 0.505346 0.0142812
3018 0.531551 0.0331198 0.435329
3018 0.266975 0.494454 0.238571
1982 0.233502 0.111423 0.655075
1402 0.0444756 0.40914 0.546384
622 0.0253748 0.38069 0.593935
2443 0.391143 0.447178 0.161679
1942 0.233922 0.572459 0.19362
621 0.0890921 0.280239 0.630669
1797 0.372783 0.0344015 0.592816
2069 0.365365 0.593836 0.0407983
3898 0.147828 0.696605 0.155567
1951 1 0 0
427 0.249247 0.636677 0.114076
79 0.432675 0.546905 0.0204202
3175 0.5 0 0.5
2254 0.134708 0.437727 0.427565
4178 0.355402 0.183073 0.461525
2183 0.325315 0.4667 0.207984
1830 0.259304 0.73329 0.00740591
4087 0.125767 0.0490013 0.825232
15 0.893993 0.00454516 0.101462
165 0.0919059 0.774635 0.133459
2171 0.0238729 0.889659 0.0864681
1751 0.0826518 0.397336 0.520012
3092 0.0873769 0.0241612 0.888462
1213 0.302476 0.128916 0.568608
269 0.640699 0.0343635 0.324938
1760 0.180582 0.304637 0.514781
1760 0.106883 0.881117 0.0119997
4230 0.367178 0.138734 0.494088
775 0.381896 0.524928 0.0931762
1158 0.921887 0.0164204 0.0616929
2530 0.0282426 0.715856 0.255902
560 0.0615998 0.615058 0.323342
3993 0 0.5 0.5
2627 0.382485 0.195282 0.422233
3922 0.501432 0.110059 0.388508
307 0.524756 0.442655 0.0325892
728 0.433215 0.436039 0.130745
190 0.175884 0.268522 0.555594
3322 0.478757 0.170451 0.350792
1876 0.5 0.5 0
215 0.140621 0.144668 0.714711
3363 0.387927 0.255217 0.356856
2375 0 0.5 0.5
779 0.195148 0.522475 0.282377
1490 0.820103 0.140037 0.0398607
2307 0.00432107 0.418031 0.577648
1074 0.32099 0.107278 0.571732
1386 0.168689 0.284136 0.547174
4025 0.24728 0.417243 0.335477
1550 0.652078 0.16262 0.185302
4528 0.798894 0.0278346 0.173271
2999 0.105787 0.33109 0.563122
1190 0.16049 0.1789 0.66061
4251 0.87211 0.0754757 0.0524147
4251 0.202393 0.609129 0.188477
3341 0.137615 0.399144 0.463241
196 0.154828 0.682535 0.162637
391 0.0600934 0.723316 0.216591
1834 0.0692688 0.710558 0.220173
1403 0.0517959 0.0139083 0.934296
3334 0.65663 0.10992 0.23345
3333 0.548697 0.181252 0.270051
4492 0 0.5 0.5
90 0.317695 0.341917 0.340388
387 0.387708 0.203768 0.408523
1518 0.514883 0.376682 0.108435
589 0.379158 0.394587 0.226255
33 0.100853 0.456854 0.442294
2047 0.0516124 0.574716 0.373671
1286 0.0973784 0.00924324 0.893378
2630 0.860421 0.0395939 0.0999854
3513 0.623511 0.150598 0.225891
2940 0.00393536 0.141803 0.854261
2554 0.281132 0.652225 0.0666438
325 0.643434 0.207711 0.148855
3735 0.125958 0.214953 0.659089
1740 0 0.5 0.5
2058 0.41099 0.585675 0.00333596
359 0.130297 0.195183 0.67452
1561 0.602983 0.387559 0.0094577
233 0.415449 0.45492 0.129632
435 0.226385 0.425841 0.347774
1177 0.169877 0.788201 0.0419216
3009 0.36314 0.144179 0.492681
3133 0.046054 0.350605 0.603341
829 0.451854 0.339996 0.20815
262 0.136793 0.690323 0.172884
634 0.502199 0.334045 0.163756
523 0.27009 0.492686 0.237224
7 0.156207 0.626623 0.21717
989 0.300785 0.076259 0.622956
3053 0.120419 0.532864 0.346717
2463 0.508775 0.0561668 0.435058
28 0.843342 0.0949213 0.0617365
3828 0.274733 0.103842 0.621425
2049 0.044747 0.625908 0.329345
2755 0.588253 0.323462 0.0882849
3630 0.0382205 0.430738 0.531041
2756 0.286138 0.158112 0.55575
2181 0.330497 0.560914 0.108589
4110 0.0614213 0.579573 0.359006
1049 0.389094 0.0197753 0.591131
3278 0.5 0 0.5
2536 0.347281 0.20845 0.444269
1387 0.374925 0.0777365 0.547338
1712 0.225182 0.423082 0.351736
2466 0.0278756 0.945352 0.0267723
1712 0.498962 0.0166522 0.484386
180 0.0401071 0.156859 0.803034
2415 0.0176443 0.0809833 0.901372
232 0.45067 0.0750529 0.474277
4241 0.506635 0.307471 0.185894
357 0.38791 0.480683 0.131406
4242 0.487373 0.505402 0.0072247
2882 0.654196 0.295645 0.0501588
1285 0 0.5 0.5
118 0.291943 0.424829 0.283228
2287 0.742579 0.0129832 0.244438
2926 0.239096 0.0921217 0.668783
2287 0.328684 0.266379 0.404937
4032 0.193723 0.296278 0.509999
4031 0.177107 0.430888 0.392005
98 0.174492 0.4417 0.383808
124 0.485508 0.291447 0.223044
1753 0.669278 0.0724595 0.258262
1706 0.166092 0.00534061 0.828568
3848 0.648658 0.161228 0.190114
318 0.463481 0.521662 0.014857
318 0.109346 0.530489 0.360165
2118 0.135043 0.0474789 0.817479
2118 0.61577 0.383141 0.00108881
2366 0.726189 0.0218215 0.251989
4225 0.5 0 0.5
294 0.302718 0.357111 0.340171
2685 0.21289 0.555813 0.231298
1096 0.489169 0.17711 0.33372
1040 0.33166 0.626122 0.0422177
3903 0.019547 0.0283785 0.952074
170 0.140434 0.771695 0.0878708
516 0.157738 0.228309 0.613953
2079 0 0.5 0.5
169 0.397525 0.421849 0.180626
4404 0.378874 0.185922 0.435204
4368 0.270644 0.726622 0.00273446
1467 0.449535 0.173435 0.377029
1172 0.403638 0.0941942 0.502167
3593 0.746285 0.214865 0.0388494
1314 0.620878 0.37738 0.00174192
4531 0.165328 0.197713 0.636959
3463 0.055565 0.851984 0.0924508
768 0.154034 0.357011 0.488955
2625 0.980563 0.00429716 0.0151397
1906 0.613814 0.379652 0.00653335
2766 0.274521 0.402824 0.322655
3524 0 1 0
3142 0.810003 0.0149507 0.175046
1830 0 0.5 0.5
2674 0 0.5 0.5
44 0.225877 0.170548 0.603574
3854 0.214218 0.516273 0.269509
123 0.389012 0.514465 0.0965228
3853 0.354244 0.102542 0.543215
2217 0.102154 0.45628 0.441566
788 0.618856 0.0430572 0.338086
1664 0.079827 0.317938 0.602235
2808 0.411327 0.452958 0.135716
2446 0.112677 0.478118 0.409205
2120 0.3339 0.161697 0.504403
361 0.412817 0.557342 0.0298409
1217 0.454943 0.12273 0.422327
2279 0.00789513 0.325413 0.666692
586 0.685344 0.272318 0.0423376
1431 0.13733 0.740003 0.122668
586 0.334673 0.19238 0.472947
994 0.429938 0.541982 0.0280803
994 0.379951 0.340511 0.279538
1344 0.433183 0.51291 0.0539073
3537 0.309034 0.214108 0.476858
1343 0.398727 0.118195 0.483078
1131 0.496633 0.0190612 0.484306
337 0.514413 0.0431298 0.442457
1567 0.304147 0.09035 0.605503
4306 0.399046 0.0508478 0.550106
598 0.428951 0.154531 0.416518
2291 0.134783 0.48621 0.379007
480 0.342863 0.117143 0.539994
119 0.599928 0.305713 0.0943586
119 0.243055 0.344727 0.412218
2865 0.16285 0.0192006 0.817949
3021 0.106589 0.44962 0.443791
2901 0.279987 0.642378 0.0776351
3702 0.565975 0.39177 0.0422555
20 0.147779 0.709655 0.142566
1151 0.215391 0.370355 0.414254
2010 0.633467 0.298152 0.068381
3308 0.541502 0.0687093 0.389788
35 0.472373 0.273937 0.25369
34 0.221037 0.722065 0.0568978
2593 0.119471 0.34988 0.530649
1569 0.180672 0.323811 0.495517
1346 0.200691 0.271163 0.528146
2179 0.497807 0.456112 0.0460812
2179 0.820118 0.146209 0.033673
2662 0.00439457 0.262815 0.732791
2662 0.12418 0.462581 0.413239
3391 0.144878 0.338952 0.516169
680 0.394595 0.357528 0.247877
1604 0.428147 0.553519 0.018334
603 0.574252 0.321388 0.10436
4476 0.438943 0.0426486 0.518408
175 0.576775 0.218209 0.205016
2434 0.63118 0.118242 0.250578
82 0.536648 0.237169 0.226182
2362 0.609232 0.322236 0.0685318
4425 0.165216 0.607363 0.227421
1982 0.276993 0.443504 0.279504
1134 0.0976022 0.00899839 0.893399
2253 0.208882 0.00733097 0.783787
3539 0.139869 0.600812 0.259319
2252 0.419106 0.229381 0.351513
2582 0.605834 0.357441 0.0367249
4171 0.415344 0.0398028 0.544853
2582 0.160099 0.724681 0.115219
15 0.412216 0.123424 0.46436
3207 0.5 0.5 0
3207 0.5 0.5 0
3620 0.692117 0.0697823 0.238101
1542 0.480459 0.0628523 0.456689
1542 0.0782988 0.834544 0.0871575
860 0.210853 0.257794 0.531354
4396 0.289788 0.388574 0.321638
4395 0.110234 0.347348 0.542418
3629 0.177805 0.62613 0.196066
506 0.588753 0.1581 0.253146
883 0.0930464 0.715291 0.191662
3293 0.352943 0.199407 0.447651
1692 0.0243943 0.938396 0.0372095
3316 0.0915903 0.601324 0.307086
257 0.623543 0.371518 0.00493936
3014 0.0728345 0.0951201 0.832045
3014 0.259112 0.738145 0.00274276
1789 0.182795 0.593381 0.223823
280 0.27373 0.157074 0.569195
1726 0.337686 0.35216 0.310154
4101 0.167534 0.751876 0.0805903
4406 0.1444 0.578103 0.277497
1430 0.00798457 0.211167 0.780848
4053 0.5 0 0.5
4222 0.126118 0.351749 0.522133
1810 0.749378 0.0918212 0.158801
3575 0.762362 0.175577 0.062061
4004 0.126313 0.750745 0.122941
4003 0.477759 0.316907 0.205334
4419 0.659842 0.144116 0.196042
1572 0.74193 0.248511 0.00955925
1571 0.452816 0.519117 0.0280672
4057 0.5 0.5 0
3547 0.404801 0.475362 0.119838
2851 0.249105 0.611085 0.13981
1686 0.0941187 0.34664 0.559242
4154 0.330699 0.334821 0.334481
1903 0.66893 0.238184 0.0928851
3550 0.428087 0.377635 0.194278
3094 0.756518 0.0398098 0.203672
3095 0.192278 0.718976 0.0887454
4213 0.253256 0.259209 0.487534
2882 0.288436 0.318449 0.393115
2882 0 0 1
827 0.292691 0.549262 0.158048
4529 0.662583 0.316226 0.0211905
1399 0.109041 0.54529 0.34567
503 0.269524 0.258438 0.472038
720 0.374742 0.35356 0.271698
3331 0.495666 0.416409 0.0879256
583 0.266679 0.418714 0.314607
1047 0.497095 0.308712 0.194193
380 0.443202 0.527097 0.0297008
230 0.187942 0.404356 0.407702
4387 0.424513 0.0679035 0.507584
1454 0.286806 0.419475 0.293719
99 0.00938659 0.787015 0.203598
1404 0.0417541 0.395246 0.563
376 0.316407 0.0809424 0.602651
376 0.395649 0.534438 0.0699133
3446 0.225351 0.182199 0.592449
1186 0.435291 0.191988 0.37272
2568 0.111247 0.856479 0.0322739
1179 0.218009 0.668105 0.113886
1849 3.23445e-15 3.32566e-15 1
2507 0.7082 0.217491 0.0743091
1401 0.215089 0.706066 0.0788443
936 0.149799 0.580671 0.269531
1547 0.369877 0.484362 0.145761
2918 0.5 0 0.5
2919 0.00312452 0.0886813 0.908194
2918 0.00866442 0.605239 0.386097
2281 0.0982582 0.827079 0.0746633
4302 0 1 0
1824 0.314366 0.0901512 0.595483
3226 0.367427 0.142536 0.490037
3226 0.426781 0.376407 0.196812
1665 0.455515 0.315813 0.228673
3470 0.181137 0.275351 0.543512
4278 0.249548 0.620011 0.130441
2116 0.20373 0.370473 0.425797
818 0.64346 0.141754 0.214786
4283 0.72759 0.0527903 0.21962
1695 0.560866 0.400697 0.0384362
154 0.144249 0.561534 0.294217
4307 0.597731 0.0278675 0.374402
154 0.0985147 0.0753553 0.82613
129 0.0347631 0.641779 0.323458
2215 0.393704 0.489642 0.116654
1733 0.428966 0.478997 0.0920363
1202 0.459445 0.00240393 0.538151
1202 0.162424 0.83121 0.00636655
31 0.0304439 0.422826 0.54673
1804 0.1497 0.513324 0.336976
2752 0.78478 0.0474652 0.167755
557 0.223798 0.737231 0.0389709
2135 0.581984 0.375332 0.0426842
1416 0.498503 0.0251713 0.476325
1636 0.223851 0.26083 0.515319
1369 0.157144 0.226851 0.616005
1369 0.17954 0.777475 0.0429851
3687 0.293094 0.310586 0.39632
2747 0.0641759 0.654116 0.281709
2951 0.553989 0.251853 0.194158
212 0.0445683 0.840753 0.114679
162 0.192537 0.471359 0.336104
1945 0.609825 0.143807 0.246368
649 0.201951 0.262161 0.535889
271 0.137638 0.75641 0.105952
2483 0.340722 0.628926 0.030352
1854 0.055255 0.212718 0.732027
3823 0.8535 0.0289832 0.117516
576 0.225942 0.411113 0.362945
1361 0.278279 0.43141 0.290311
1949 0.123379 0.294328 0.582293
1948 0.238412 0.0113502 0.750238
2838 0.740048 0.0641052 0.195847
165 0.607648 0.190776 0.201577
165 0.274382 0.605969 0.119649
165 0.224329 0.246127 0.529543
1650 0.555054 0.148196 0.296751
3997 0.61312 0.243638 0.143242
1632 0.772235 0.190592 0.0371731
534 0.263792 0.348616 0.387592
4238 0.5 0 0.5
1897 0.273826 0.0449208 0.681254
1010 0.211877 0.203873 0.58425
1602 0.429878 0.248303 0.321819
3728 0.302337 0.11094 0.586723
3042 0.34774 0.0196872 0.632573
10 0.00434401 0.0315333 0.964123
3345 0.800777 0.0205931 0.17863
1930 0.661459 0.146506 0.192035
15 0.0809215 0.42971 0.489369
15 0.22008 0.319655 0.460264
37 0.379874 0.0378134 0.582313
2296 0.744662 0.00692975 0.248408
2296 0.456552 0.532037 0.0114105
2296 0.323187 0.0707718 0.606041
2879 0.807648 0.134875 0.0574774
2878 0.340035 0.181799 0.478166
2879 0.182065 0.585802 0.232133
2367 0.181353 0.282291 0.536356
2367 0.00853419 0.812867 0.178599
2368 0.471914 0.258751 0.269335
956 0.831308 0.142223 0.0264691
1337 0.537875 0.0468988 0.415226
1927 0.0801206 0.39402 0.52586
4384 0.763455 0.152378 0.0841674
2508 0.132388 0.242277 0.625335
1449 0.212365 0.11749 0.670145
3072 0.529364 0.0920121 0.378624
1642 0.315311 0.269272 0.415417
96 0.264911 0.284469 0.45062
3129 0.553884 0.370274 0.0758425
3128 0.0644749 0.658948 0.276577
224 0.200429 0.195394 0.604177
224 0.728764 0.200112 0.0711239
4008 0.574319 0.0907175 0.334963
412 0.0842979 0.274222 0.641481
1129 0.628136 0.093871 0.277993
3908 0.162964 0.172927 0.664109
158 0.0504028 0.661431 0.288166
323 0.107077 0.429903 0.46302
2875 0.545413 0.384065 0.0705216
1065 0.339072 0.4998 0.161128
755 0.751502 0.0359744 0.212523
756 0.891228 0.0959036 0.0128684
2126 0.396324 0.451987 0.151689
290 0.157788 0.0855919 0.756621
3503 0.472779 0.0457346 0.481486
3827 0.17071 0.819585 0.00970434
4448 0.0606581 0.0666369 0.872705
135 0.675887 0.0984454 0.225667
2487 0.159295 0.575199 0.265506
413 0.156992 0.247127 0.595881
2728 0.0491186 0.443365 0.507516
2727 0.203932 0.595641 0.200427
4209 0.932263 0.0359847 0.0317521
860 0.498072 0.451365 0.0505629
3366 0.539762 0.12197 0.338268
860 0.0271195 0.799009 0.173872
834 0.348453 0.0737244 0.577822
536 0.189188 0.172277 0.638535
834 0.570469 0.360734 0.0687975
1589 0.115564 0.297112 0.587324
2036 0.0949538 0.882284 0.0227625
2558 0.74666 0.114446 0.138893
2603 0.0187392 0.760462 0.220799
3277 0.285373 0.233582 0.481044
685 0.5 0.5 0
1510 0.317978 0.390918 0.291104
2939 0.183809 0.623914 0.192277
3715 0.330587 0.203918 0.465495
3033 0.322675 0.285988 0.391336
305 0.483404 0.305229 0.211367
1539 0.351566 0.124413 0.52402
4502 0.538512 0.110666 0.350822
4316 0.5 0.5 0
1839 0.0950906 0.335111 0.569798
3077 0.0673142 0.575498 0.357188
4125 0.477453 0.0259647 0.496582
2927 0.564974 0.323051 0.111974
2662 0.135906 0.746047 0.118046
2662 0.548558 0.252309 0.199133
1790 0.0386205 0.931041 0.0303383
1790 0.0297944 0.335649 0.634557
1789 0.484157 0.205103 0.31074
399 0.210731 0.665688 0.123581
3148 0.0163024 0.699437 0.28426
2315 0.0539561 0.0905118 0.855532
1580 0.5 0 0.5
3360 0.0913939 0.385141 0.523465
2213 0.118073 0.383352 0.498575
1727 0.290793 0.113245 0.595961
3139 0.292241 0.0531449 0.654614
1834 0.971168 0.0241495 0.00468261
1834 0.583079 0.155016 0.261906
556 0.475379 0.139685 0.384936
247 0.275555 0.21768 0.506765
2510 0.0284146 0.36185 0.609736
1670 0.402173 0.296589 0.301238
3255 0.680283 0.140514 0.179203
1441 0.312185 0.651041 0.0367737
3942 0.713356 0.0344488 0.252195
155 0.00631732 0.470818 0.522864
4271 0.0276293 0.573213 0.399157
57 0.00701652 0.657772 0.335212
2171 0.282081 0.5119 0.206019
3633 0.174281 0.121515 0.704203
1579 0.578392 0.381644 0.0399636
4080 0.352755 0.286633 0.360611
853 0.316093 0.557484 0.126422
853 0.721219 0.0413601 0.237421
124 0.0596933 0.901397 0.0389096
1705 0.224191 0.311177 0.464633
3272 0.069073 0.504962 0.425965
27 0.153209 0.531487 0.315304
1550 0.0859335 0.661181 0.252885
1550 0.102493 0.184649 0.712859
2526 0.420139 0.513476 0.0663852
4156 0.211807 0.355096 0.433097
909 0.460625 0.31565 0.223725
1445 0.615795 0.0406655 0.343539
790 0.437085 0.04378 0.519135
278 0.342592 0.0175918 0.639816
2235 0.257522 0.0254966 0.716982
2060 0 0.5 0.5
3297 0 0 1
1134 0.827987 0.084585 0.0874285
1417 0.294102 0.318377 0.387521
266 0.0286119 0.549722 0.421666
596 0.182358 0.63218 0.185462
1991 0.318225 0.098061 0.583715
3066 0.694059 0.044019 0.261922
1845 0.729224 0.0862196 0.184557
865 0.257694 0.664241 0.0780656
2237 0.185893 0.48895 0.325157
4111 0.0528158 0.515631 0.431553
1636 0.015041 0.97853 0.00642918
857 0.5 0.5 0
1657 0.210109 0.727463 0.062428
304 0.203925 0.75615 0.0399248
1119 0.343839 0.137402 0.518759
1476 0.433975 0.493882 0.072143
45 0.0377656 0.480391 0.481844
8 0.437955 0.100712 0.461333
4084 0.0618701 0.19516 0.74297
4306 1 0 0
1272 0.657144 0.0314271 0.311429
1264 0.745129 0.172885 0.0819864
2679 0.00330141 0.78328 0.213419
103 0.921098 0.0689862 0.00991539
2240 0.609844 0.248949 0.141207
1851 0.339575 0.46479 0.195635
3603 0.556181 0.14741 0.29641
4385 0.0314306 0.805555 0.163014
283 0.5 0 0.5
3058 0.39708 0.088442 0.514478
3059 0.489781 0.201931 0.308289
508 0.390195 0.093413 0.516392
4538 0.290671 0.253729 0.4556
2239 0.461106 0.209853 0.329042
2496 0.273637 0.532722 0.193641
2026 0.00646684 0.542072 0.451461
2027 0.292058 0.674706 0.0332363
4000 0.64182 0.190084 0.168096
1197 0.0970602 0.884148 0.0187918
468 0.550602 0.410909 0.038489
1766 0.5 0.5 0
1765 0.387714 0.581832 0.0304547
1772 0.269466 0.266839 0.463695
1231 0.555073 0.177716 0.267211
151 0.0633547 0.0778817 0.858764
988 0.0532469 0.328164 0.618589
289 0.550301 0.182481 0.267218
4508 0.597897 0.0973897 0.304713
1866 0 0.5 0.5
3727 0.652719 0.236076 0.111204
3487 0.0835987 0.669953 0.246448
4395 0.624217 0.241374 0.134409
3947 0.155984 0.413774 0.430242
3184 0.524335 0.472884 0.00278042
1817 0.170987 0.351901 0.477112
2622 0.302098 0.644287 0.0536152
2134 0.722182 0.134034 0.143784
2943 0.285471 0.439414 0.275116
1377 0.475081 0.135287 0.389632
1456 0.341376 0.306351 0.352272
1257 0.0275964 0.831451 0.140953
3974 1 0 0
2997 0.5 0 0.5
2863 0.462554 0.431156 0.10629
3397 0.114571 0.216876 0.668553
3397 0.503993 0.297034 0.198974
2226 0.389831 0.0608105 0.549358
1242 0.237782 0.169905 0.592313
447 0.758941 0.0536762 0.187383
2575 0.366547 0.553496 0.0799565
2125 0.510059 0.0182198 0.471722
728 0.328844 0.162622 0.508534
446 0.0948665 0.214854 0.69028
1875 0.336587 0.35152 0.311893
8 0.082181 0.145597 0.772223
1571 0.236145 0.401851 0.362004
1310 0.179963 0.39278 0.427258
3216 0 0 1
2855 0.163752 0.309777 0.526471
2854 0.113746 0.631718 0.254536
2423 0.0799937 0.520662 0.399344
378 0.602228 0.184307 0.213465
1608 0.0500671 0.375643 0.57429
1399 0.289836 0.191137 0.519027
1399 0.0146345 0.235584 0.749782
1185 0.793103 0.203033 0.0038642
771 0.17718 0.260536 0.562284
4329 0.353548 0.403836 0.242616
597 0.0689858 0.592492 0.338523
3557 0.627771 0.341937 0.0302918
1062 0.749907 0.129921 0.120172
1838 0.0582495 0.525888 0.415863
1911 0.449862 0.444933 0.105206
3557 0.413561 0.172619 0.41382
1474 0.110162 0.477986 0.411852
1474 0.701003 0.0345093 0.264488
138 0.10144 0.89158 0.00698005
1389 0.0507545 0.114936 0.834309
834 0.130582 0.192139 0.67728
834 0.342328 0.525921 0.131751
2829 0.0869346 0.533065 0.380001
3336 0.39258 0.0236812 0.583739
1437 0.556947 0.139677 0.303376
3120 0.0659076 0.2173 0.716793
2472 0.628896 0.281212 0.0898922
2750 0.5 0.5 0
403 0.449687 0.0145936 0.53572
2648 0.287713 0.597043 0.115244
2488 0.114598 0.079458 0.805944
2489 0.960228 0.0285992 0.0111726
4174 0.545227 0.147883 0.30689
3979 0.216035 0.462674 0.32129
1786 0.295657 0.435398 0.268946
4444 0.123952 0.565855 0.310193
466 0.91231 0.0325542 0.0551357
3740 0.393084 0.552484 0.0544313
466 0.305913 0.658936 0.0351507
1820 0.597939 0.150797 0.251264
61 0.569081 0.144357 0.286562
1819 0.648597 0.164455 0.186948
1729 0.503103 0.461481 0.0354159
711 0.848283 0.131751 0.0199659
3678 0 0.5 0.5
1780 0.63101 0.280709 0.0882813
1779 0.27063 0.500468 0.228901
2300 0.411299 0.348441 0.24026
2300 0.221402 0.371734 0.406864
4126 0.227703 0.0541571 0.71814
3525 0.284967 0.146244 0.568789
3920 0.622957 0.023199 0.353844
3914 0.694717 0.0039733 0.30131
3691 0.370977 0.0266522 0.602371
3913 0.478971 0.0846806 0.436348
76 0.870671 0.0021529 0.127176
883 0.464299 0.235738 0.299963
1691 0.175568 0.514748 0.309684
855 0.491694 0.23861 0.269695
3443 0.424835 0.104379 0.470786
855 0.5 0 0.5
3207 0.267358 0.696708 0.0359332
3207 0.5 0.5 0
3275 0.692989 0.123864 0.183148
1099 0.418781 0.524849 0.0563692
181 0.185366 0.29463 0.520003
3848 0.12777 0.280588 0.591642
437 0.184265 0.206421 0.609313
595 0.0634946 0.787582 0.148923
595 0.155236 0.32289 0.521874
2217 0.466952 0.433957 0.0990913
3063 0.645536 0.0526618 0.301803
2416 0.083124 0.864501 0.0523747
2321 0.37518 0.502254 0.122566
756 0.140512 0.131007 0.728481
3118 0.0949205 0.718269 0.186811
2932 0.160949 0.556388 0.282663
174 0.548093 0.385287 0.0666193
470 0.127349 0.44612 0.426531
3326 0.775946 0.196828 0.027226
1975 0.153818 0.815936 0.0302459
1974 0.207477 0.270937 0.521586
3350 0.0865369 0.0284764 0.884987
2837 0.485287 0.355417 0.159296
2836 0.266305 0.553696 0.179999
1687 0.664922 0.289277 0.0458012
1014 0.480299 0.146113 0.373588
1687 0.36214 0.457242 0.180618
1015 0.5 0.5 0
1595 0.5 0 0.5
48 0.110176 0.00931012 0.880514
489 0.591464 0.283226 0.12531
203 0.438005 0.42306 0.138936
2357 0.156696 0.593149 0.250155
1011 0.142573 0.808327 0.0490991
2548 0.114599 0.424761 0.46064
3356 0.145752 0.0715624 0.782686
1835 0.720239 0.234958 0.0448032
4462 0.0703846 0.433194 0.496422
3042 0.748575 0.247222 0.0042028
84 0.311599 0.11131 0.577092
1267 0 0.5 0.5
933 0.480574 0.110545 0.408881
22 0.0230449 0.058507 0.918448
255 0.413142 0.266273 0.320585
2746 0.0387602 0.318753 0.642486
3762 0.580761 0.0442339 0.375005
505 0.0722099 0.632797 0.294993
824 0.65186 0.147775 0.200365
110 0.888067 0.0789932 0.0329402
2784 0.211714 0.170062 0.618224
1404 0.435098 0.4391 0.125802
1833 0.312142 0.425666 0.262193
1834 0.20356 0.184993 0.611447
3333 0.133046 0.849352 0.0176025
372 0.641109 0.332642 0.0262492
4084 0.468505 0.148912 0.382582
4179 0.394185 0.291899 0.313916
1309 0.908636 0.0374378 0.0539258
2723 0.027414 0.572817 0.399769
1844 0.651771 0.244024 0.104204
3916 0.475498 0.463397 0.0611043
1716 0.697359 0.157933 0.144708
1715 0.67232 0.00100593 0.326674
4425 0.393598 0.158157 0.448245
3051 0.703347 0.0186228 0.27803
2022 0.394208 0.532161 0.073631
4373 0.714303 0.126387 0.15931
1488 0.211253 0.241374 0.547373
218 0.248873 0.463054 0.288073
813 0.872671 0.0566277 0.0707018
150 0.629622 0.261865 0.108513
2913 0.0333384 0.0088575 0.957804
390 0.303754 0.246243 0.450003
3651 0.138869 0.0214789 0.839652
97 0.0202263 0.501571 0.478202
1869 0.787704 0.04567 0.166626
2179 0.0218591 0.728779 0.249362
1346 0.489409 0.101113 0.409479
3607 0.0970351 0.783812 0.119153
1297 0.372433 0.0900697 0.537498
1297 0.311868 0.497152 0.19098
4126 0.809908 0.0683561 0.121736
1626 5.68002e-14 1 1.83431e-14
4181 0.203622 0.546361 0.250016
2990 0.114776 0.319256 0.565968
976 0.139399 0.0733505 0.787251
2432 0 0 1
1823 0.56253 0.331682 0.105788
1824 0.0230286 0.0527556 0.924216
527 0.266342 0.102661 0.630997
4107 0.42363 0.0437439 0.532626
4107 0 0.5 0.5
4442 0.431266 0.0650013 0.503733
281 0.171095 0.203731 0.625174
1717 0.308314 0.676514 0.015172
194 0.100031 0.833894 0.0660758
3237 0.134078 0.506872 0.35905
2601 0.0953259 0.110238 0.794436
2191 0.577941 0.342111 0.0799475
2121 0.0189816 0.220018 0.761001
2767 0.247053 0.0758451 0.677102
1812 0.289894 0.319036 0.39107
1431 0.912099 0.00477389 0.0831276
1431 0.372195 0.0695451 0.55826
1508 0.2084 0.224391 0.567209
1508 0.0763186 0.723956 0.199726
3007 0.165082 0.400358 0.43456
380 0.0677361 0.249753 0.682511
559 0.16102 0.660609 0.178371
4351 0.0303727 0.578448 0.391179
175 0.220013 0.4484 0.331587
379 0.0758688 0.0991173 0.825014
2806 0.0380989 0.00461953 0.957282
4086 0.729042 0.229863 0.041095
533 0.207142 0.483134 0.309724
4326 0.253122 0.0381509 0.708727
3421 0.0102846 0.258751 0.730964
1097 0.113967 0.285744 0.600289
1097 0.134947 0.840456 0.0245968
4296 0.0483531 0.92547 0.0261771
1814 0.553804 0.0959304 0.350266
854 0.254699 0.63324 0.112061
1873 0.506939 0.417614 0.075447
4397 0.377823 0.00481234 0.617365
2466 0.5 0 0.5
2909 0.202451 0.149092 0.648457
3099 0.0824251 0.203453 0.714122
2039 0.153079 0.800592 0.0463284
2038 0.205587 0.623437 0.170977
2770 0.474147 0.323277 0.202575
2769 0.167062 0.16464 0.668299
1120 0.54902 0.389724 0.0612563
2891 0.78131 0.0116921 0.206998
2142 0.639279 0.171815 0.188905
519 0.115435 0.477779 0.406786
2473 0.816317 0.0482391 0.135443
3420 0.446681 0.103285 0.450035
3572 0.613843 0.108707 0.277449
661 0.681871 0.23228 0.0858488
2718 0.0209552 0.00218771 0.976857
662 0.0678002 0.447987 0.484213
1688 0.424249 0.200269 0.375482
3185 0.110123 0.37957 0.510307
2185 0.427359 0.0693043 0.503337
967 0.377261 0.492995 0.129744
1484 0.32663 0.451383 0.221987
4478 0.5 0 0.5
4477 0.5 0.5 0
263 0.290591 0.332382 0.377026
2175 0.835799 0.040199 0.124002
2176 0.472819 0.0627827 0.464398
1060 0.138096 0.0446965 0.817208
1479 0.15096 0.0206101 0.828429
4118 0.652885 0.295055 0.0520604
4139 0.182398 0.638818 0.178784
1996 0.115781 0.506731 0.377488
1264 0.383522 0.00456639 0.611912
103 0.221879 0.095382 0.682739
3995 0.472702 0.0304997 0.496798
2680 0.324348 0.453035 0.222617
4356 0 1 0
1641 0.0242678 0.26272 0.713012
2249 0.249385 0.264329 0.486287
4411 0.369959 0.598713 0.0313284
3580 0.218936 0.577898 0.203166
2099 0.304978 0.318917 0.376105
339 0.153242 0.698339 0.14842
2953 0.456097 0.269394 0.274509
2295 0.0365568 0.76858 0.194863
3207 0.5 0.5 0
493 0.322452 0.291889 0.38566
384 0.013828 0.273684 0.712488
265 0.475932 0.357843 0.166225
724 0.570038 0.0173542 0.412608
1667 0.0155478 0.753996 0.230456
3660 0.360902 0.481429 0.157669
2361 0.201269 0.710534 0.0881969
1156 0.732319 0.153481 0.114199
1251 0.382641 0.277553 0.339806
600 0.148682 0.141301 0.710017
2470 0.604509 0.158663 0.236828
2928 0.258728 0.243139 0.498133
1410 0.823903 0.0905039 0.0855935
1855 0.923017 0.0286266 0.048356
3478 0.304241 0.299513 0.396246
962 0.0158449 0.88499 0.0991647
3235 0.380136 0.0417826 0.578081
2029 0.158264 0.559357 0.282378
1063 0.603474 0.299212 0.0973147
444 0.127226 0.287544 0.58523
2041 0.434102 0.0363607 0.529538
1297 0.949898 0.0453569 0.00474527
949 0.0797691 0.39845 0.521781
1666 0.255485 0.416474 0.328041
3974 0.326161 0.449657 0.224183
3974 1 0 0
1545 0.0196216 0.168205 0.812173
2989 0.219322 0.224481 0.556196
2996 0.574755 0.102653 0.322592
1191 0.229565 0.667494 0.102941
1191 0.174619 0.327579 0.497802
658 0.104475 0.596181 0.299344
3619 0.546845 0.422613 0.0305425
860 0.861266 0.0439762 0.0947576
213 0.183014 0.267214 0.549773
2958 0.22923 0.231888 0.538882
3604 0.795797 0.0367995 0.167403
1851 0.497969 0.0528166 0.449214
3918 0.677523 0.273215 0.0492619
2353 0.469359 0.36951 0.161131
3265 0.00997608 0.54937 0.440654
3465 0.0385354 0.871634 0.0898308
2452 0.570712 0.0485443 0.380743
156 0.600412 0.389302 0.0102855
1388 0.165124 0.0388484 0.796028
2831 0.345386 0.180242 0.474372
3910 0.605407 0.0960135 0.29858
3343 0.5 0 0.5
4172 0.51575 0.00430421 0.479946
72 0.188994 0.151412 0.659594
15 0.670195 0.0471625 0.282642
72 0.302362 0.426984 0.270654
1674 0.227291 0.0267722 0.745937
386 0.500559 0.420019 0.0794216
2746 0.386449 0.554935 0.0586162
2014 0.00146917 0.991639 0.00689151
593 0.454518 0.0329092 0.512573
1804 0.324174 0.0419393 0.633887
4383 0.274866 0.628481 0.096653
2158 0.288987 0.112866 0.598147
1920 0.76389 0.18654 0.0495707
1495 0.0400403 0.523124 0.436836
707 0.151594 0.062472 0.785934
53 0.171069 0.000758984 0.828172
1152 0.657224 0.0776486 0.265127
573 0.837922 0.102695 0.0593826
1089 0.287652 0.316574 0.395774
2193 0.123571 0.464419 0.41201
509 0.26135 0.693719 0.0449312
794 0.194071 0.778794 0.0271349
81 0.966608 0.0193571 0.0140345
688 0.0649965 0.309085 0.625919
1793 0.0301232 0.577748 0.392129
1423 0.334179 0.550585 0.115236
2763 0.59776 0.00133554 0.400904
3235 0 1 0
55 0.354846 0.623544 0.0216105
371 0.0797365 0.0582983 0.861965
1548 0.235579 0.423952 0.340469
142 0.547402 0.103735 0.348863
4349 0.0106338 0.786744 0.202622
4350 0.204357 0.0328899 0.762753
2300 0.448065 0.522172 0.0297628
18 0.116503 0.203077 0.680421
18 0.532922 0.168932 0.298145
1785 0.467857 0.117195 0.414948
1975 0.384408 0.262685 0.352906
1317 0.325568 0.568722 0.105711
164 0.537285 0.110616 0.352099
737 0.0943505 0.201819 0.703831
4258 0.440261 0.383151 0.176587
2299 0.0287891 0.546707 0.424504
2161 0.181232 0.570845 0.247923
2162 0.902945 0.0528321 0.0442229
1187 0.495477 0.312557 0.191966
29 0.528804 0.434615 0.0365814
3003 0.0557327 0.910858 0.0334094
3002 0.508696 0.129792 0.361512
3002 0.00472525 0.719369 0.275906
1163 0.255121 0.31417 0.430709
755 0.154742 0.0687348 0.776523
4279 0.5 0.5 0
2146 0 0.5 0.5
2145 0.193538 0.2791 0.527362
3540 0.402246 0.373569 0.224184
2253 0.2821 0.185839 0.532061
1134 0.0151429 0.329252 0.655605
1134 0.111642 0.71442 0.173938
1983 0.208482 0.621385 0.170133
1983 0.662724 0.00742143 0.329855
1420 0.676796 0.0060129 0.317192
1449 0.5 0 0.5
3019 0.807337 0.0451148 0.147548
3732 0.310242 0.0434311 0.646327
11 0.16535 0.796952 0.0376981
3401 0.19345 0.775866 0.030684
693 0.137147 0.41815 0.444703
952 0.108397 0.272533 0.619069
2105 0.457277 0.524665 0.0180578
2922 0.0785042 0.339574 0.581922
575 0.455774 0.378678 0.165548
1758 0.0510373 0.707883 0.24108
1362 0.171227 0.161095 0.667678
1560 0.188855 0.268744 0.542401
2101 0.500284 0.0271651 0.472551
3116 0.337737 0.537628 0.124635
3989 0.673126 0.0380774 0.288797
919 0.236768 0.674505 0.0887264
918 0.542783 0.299595 0.157622
1865 0.424031 0.331164 0.244805
697 0.244529 0.0497671 0.705704
2529 0.304871 0.259232 0.435897
1923 0.596916 0.401633 0.00145104
2410 0.0992631 0.141719 0.759018
464 0.457287 0.198338 0.344375
4162 0.669653 0.0312429 0.299105
2125 0 0.5 0.5
3866 0.103415 0.249548 0.647037
2430 0.109568 0.16528 0.725152
3591 0.5 0.5 0
3324 0.383134 0.5929 0.0239663
4239 0.351805 0.564696 0.0834987
229 0.532907 0.392796 0.0742966
4239 0 0.5 0.5
1585 0 0 1
2762 0.342803 0.0305543 0.626643
3849 0.256766 0.709178 0.0340554
1906 0.0674325 0.299224 0.633343
2626 0.0263983 0.504046 0.469556
2968 0.202403 0.75151 0.046087
3200 0.5 0.5 0
3444 0.104971 0.525023 0.370006
3444 0.0716096 0.154182 0.774209
3444 0.483582 0.197524 0.318893
3443 0.799757 0.057121 0.143122
3443 0.228741 0.555419 0.21584
1400 0.020568 0.850113 0.129319
1400 0.850796 0.0471237 0.10208
4125 0.603477 0.282643 0.11388
1400 0.424203 0.311916 0.263881
4405 0.646586 0.25531 0.0981044
2614 0.0620945 0.260012 0.677894
1712 0.763809 0.193653 0.0425382
59 0.26707 0.279 0.45393
3254 0.0431367 0.652366 0.304497
772 0.518426 0.337456 0.144118
2288 0.297175 0.579305 0.12352
261 0.87787 0.0140451 0.108085
2649 0.429011 0.239844 0.331145
261 0.00271608 0.226476 0.770808
3318 0.015783 0.546245 0.437972
1816 0.262522 0.644062 0.0934165
1950 0.421083 0.557957 0.0209603
3417 0.285934 0.596548 0.117518
1950 0.0745664 0.177838 0.747595
792 0.332928 0.191482 0.475589
674 0.533349 0.307461 0.159191
1733 0.0447344 0.000321287 0.954944
9 0.130972 0.372841 0.496187
1256 0 0 1
1779 0.0378628 0.369499 0.592638
1745 0.68662 0.0987097 0.21467
1746 0.5 0.5 0
1414 0.156162 0.0263784 0.81746
671 0.209324 0.697704 0.0929716
1507 0.422684 0.521022 0.0562948
2308 0.15407 0.732786 0.113144
2307 0.0394608 0.0770073 0.883532
3342 0.465946 0.155443 0.378611
1508 0.614638 0.29236 0.0930015
739 0.355486 0.551749 0.0927651
3005 0.260183 0.15138 0.588437
1353 0.134873 0.602305 0.262822
3781 0.833636 0.027178 0.139186
4327 0.697253 0.11349 0.189257
1813 0.315528 0.538458 0.146014
1339 0.154263 0.445541 0.400196
789 0.0771551 0.194419 0.728426
2061 0.372838 0.471811 0.155351
1581 0.283536 0.579547 0.136918
1114 0.729852 0.227435 0.0427133
790 0.0578025 0.735391 0.206807
3984 0.0573426 0.217322 0.725336
1679 0.12333 0.799172 0.077498
78 0.500819 0.295732 0.203449
667 0.398594 0.346875 0.254531
1024 0.274985 0.0516604 0.673355
2123 0.957469 0.0276247 0.0149063
3663 0.458495 0.359704 0.181801
1327 0.268788 0.387924 0.343288
3232 0.439027 0.366522 0.194451
712 0.4326 0.0215896 0.545811
1840 0.306855 0.086014 0.607131
2849 0.170117 0.150988 0.678895
2300 0.139722 0.731704 0.128575
86 0.114737 0.361683 0.52358
2326 0.331539 0.588633 0.0798285
1320 0.0466111 0.13802 0.815369
108 0.371587 0.525251 0.103162
3348 0.38074 0.442686 0.176574
572 0.326032 0.426864 0.247104
1506 0.838283 0.149155 0.0125622
1792 0.176036 0.314614 0.50935
4299 0.5 0 0.5
3203 0.0203119 0.277744 0.701944
2903 0.6162 0.129072 0.254728
3608 0.0345108 0.918949 0.0465404
3497 0.0329819 0.0403319 0.926686
2286 0.31961 0.338193 0.342198
2286 0.247967 0.0400964 0.711936
2442 0.533539 0.209645 0.256816
639 0.615327 0.093756 0.290917
2835 0.426973 0.486861 0.0861661
2834 0.714875 0.124195 0.16093
3674 0.44638 0.0769183 0.476702
6 0.238252 0.361061 0.400687
645 0.255505 0.131824 0.612671
6 0.187709 0.77566 0.0366312
4325 0.101487 0.407166 0.491347
2380 0.0300965 0.895292 0.0746117
1669 0.137853 0.0215464 0.840601
3941 0.100431 0.494567 0.405002
831 0.193978 0.446008 0.360014
3091 0.0183081 0.234181 0.747511
4122 0.0537639 0.43561 0.510626
249 0.0715148 0.587601 0.340884
2393 0.276831 0.56941 0.15376
1208 0.125477 0.0195984 0.854924
3351 0.553583 0.312052 0.134366
2253 0.112102 0.473854 0.414044
708 0.606829 0.291105 0.102066
2253 0.5 0.5 0
4306 0.214928 0.749734 0.0353381
3223 0.241282 0.641349 0.117369
1501 0.777086 0.206591 0.0163231
1058 0.113542 0.613795 0.272662
4409 0.122002 0.248689 0.629309
2813 0.401211 0.293007 0.305782
2644 0.5 0 0.5
925 0.111399 0.038247 0.850354
4304 0.399825 0.435523 0.164652
3641 0.356943 0.18267 0.460387
3483 0.453196 0.197456 0.349348
2516 0.289771 0.37127 0.338958
1966 0.0315618 0.263139 0.7053
67 0.0682106 0.400437 0.531352
346 0.339745 0.00159827 0.658657
2087 0.0970484 0.764717 0.138235
3839 0.0898697 0.494726 0.415404
189 0.573993 0.268415 0.157592
10 0.0480705 0.417781 0.534148
1323 0.0538356 0.596388 0.349776
4471 0.554253 0.190297 0.25545
1396 0 0.5 0.5
1395 0 1 0
1635 0.114831 0.797849 0.0873198
1635 0.481083 0.37719 0.141727
2652 0.154659 0.45799 0.387351
438 0.142664 0.685641 0.171695
908 0.363183 0.0242455 0.612571
1636 0.5 0 0.5
1267 0.5 0.5 0
808 0 0.5 0.5
808 0 0.5 0.5
183 0.5 0 0.5
4393 0.0495042 0.341841 0.608655
172 0.333283 0.151408 0.515309
4436 0.8095 0.0491193 0.141381
1925 0.480037 0.104249 0.415714
1577 0.509285 0.264548 0.226167
3222 0.0505465 0.703887 0.245567
459 0.143848 0.578651 0.277501
3780 0.21474 0.185371 0.599889
513 0.797756 0.0940075 0.108236
2562 0.412629 0.329134 0.258237
1032 0.368262 0.091167 0.540571
2066 0.0835165 0.352745 0.563738
1033 0.546619 0.0124552 0.440926
2650 0.183496 0.527007 0.289497
3818 0.120014 0.646955 0.233031
4473 0.0550469 0.18014 0.764813
294 0.117103 0.000704242 0.882192
2589 0.51464 0.0666581 0.418702
3354 0.55566 0.384661 0.0596786
4390 0.19093 0.45645 0.35262
407 0.165534 0.39816 0.436306
2295 0.389241 0.304465 0.306295
2295 0.882843 0.0626285 0.0545287
2295 0.0388529 0.65085 0.310297
1306 0.675402 0.104117 0.220481
926 0.775206 0.19209 0.0327041
2591 0.305331 0.238164 0.456505
3824 0.514619 0.213739 0.271643
358 0.365591 0.386819 0.24759
1664 0.914946 0.083507 0.0015466
787 0.139027 0.425058 0.435914
295 0.0924591 0.813411 0.0941295
4051 0.629466 0.0958332 0.274701
4267 0.340158 0.329432 0.33041
1264 0.0312501 0.618124 0.350626
1388 0.517267 0.294291 0.188443
2179 0.0674861 0.274252 0.658262
4359 0.568902 0.000133326 0.430965
2179 0.596503 0.094308 0.309189
4106 0.104796 0.824952 0.0702523
1049 0.355115 0.543638 0.101247
3359 0.891759 0.0946131 0.0136279
783 0.205596 0.348887 0.445517
