3259 0.229186 0.103612 0.667203
2896 0.28612 0.0527268 0.661153
286 0.397703 0.579704 0.0225926
643 0.564476 0.420436 0.0150872
643 0.175125 0.559967 0.264908
643 0.365609 0.168579 0.465812
1380 0.92968 0.0646078 0.00571238
1251 0.433103 0.185057 0.38184
600 0.440847 0.312374 0.246779
1740 0.778894 0.18273 0.0383757
1141 0.5 0.5 0
3736 0.355731 0.363812 0.280457
5 0.205389 0.370113 0.424498
2563 0.28754 0.172095 0.540365
335 0.857497 0.0337562 0.108746
1593 0.5 0 0.5
3874 0.12636 0.18075 0.692891
522 0.0675772 0.759436 0.172987
2872 0.221599 0.338168 0.440233
4312 0.477267 0.154333 0.3684
2030 0.359697 0.276287 0.364015
471 0.298214 0.195203 0.506583
4349 0.0338278 0.115985 0.850187
1215 0.0088297 0.0330531 0.958117
951 0.777837 0.0366437 0.185519
644 0.459804 0.00269146 0.537505
3216 0.819902 0.141959 0.0381391
4079 0.00566255 0.312352 0.681985
1441 0.412624 0.115273 0.472103
3257 0.617794 0.31906 0.0631465
4528 0.474942 0.216584 0.308475
2989 0.101137 0.138601 0.760262
2836 0.0164463 0.254461 0.729092
634 0.444316 0.0309646 0.524719
4299 0.5 0 0.5
3607 0.546394 0.0596879 0.393919
903 0.0584647 0.37429 0.567245
1835 0.0404587 0.6487 0.310841
1314 0.0659161 0.0647733 0.869311
938 0.236695 0.0093028 0.754002
3556 0.376054 0.36725 0.256696
939 0.112371 0.749273 0.138356
1000 0.681573 0.252881 0.0655465
332 0.235909 0.308065 0.456026
3581 0.10851 0.607122 0.284368
1005 0.00842632 0.0609603 0.930613
378 0.32814 0.181447 0.490413
2657 0.589705 0.15903 0.251264
1478 0.0666776 0.00915517 0.924167
3355 0.532124 0.143506 0.324369
620 0.38865 0.301456 0.309893
1635 0.613807 0.158572 0.22762
933 0.0136127 0.678533 0.307854
1267 0.288672 0.614096 0.0972317
3060 0.126163 0.379363 0.494474
1830 0.430382 0.201325 0.368294
336 0 0.5 0.5
2628 0.5 0 0.5
1550 0.146683 0.171709 0.681608
2999 0.45354 0.256081 0.29038
3455 0.293421 0.239165 0.467414
340 0.0527177 0.175759 0.771523
482 0.353566 0.0258859 0.620548
744 0.514743 0.234851 0.250405
2113 0.0396536 0.0964656 0.863881
743 0.461211 0.202009 0.336779
1555 0.0285318 0.319468 0.652
1439 0.218034 0.589282 0.192684
3807 0.667436 0.242572 0.0899922
3729 0.429514 0.177938 0.392549
2126 0.147592 0.0101487 0.84226
130 0.138023 0.259631 0.602346
119 0.426796 0.184672 0.388533
1610 0.534585 0.327287 0.138127
2865 0.225967 0.324813 0.44922
230 0.352976 0.105447 0.541577
1954 0.304245 0.370082 0.325673
3592 0.188494 0.796072 0.0154339
3251 0.25722 0.274174 0.468606
1938 0.332623 0.107855 0.559522
1351 0.512606 0.0653438 0.42205
220 0.0729287 0.826299 0.100773
2808 0.0149681 0.862593 0.122439
4114 0.577899 0.296073 0.126028
48 0.455691 0.0407584 0.50355
1508 0.166156 0.693007 0.140837
2455 0.195659 0.800185 0.00415534
4094 0.232854 0.333974 0.433172
30 0.199955 0.0617738 0.738271
4012 0.0620948 0.223833 0.714072
1115 0.322631 0.363076 0.314293
1115 0.940536 0.0311203 0.0283437
375 0.190823 0.633637 0.175541
4229 0.399406 0.0600899 0.540504
1232 0.0543188 0.626509 0.319172
1552 0.79715 0.090728 0.112122
405 0.899677 0.0847121 0.0156113
222 0.390636 0.305403 0.303961
4418 0.119103 0.292492 0.588405
1657 0.348358 0.221308 0.430334
184 0.624405 0.170753 0.204842
1657 0.0958688 0.790696 0.113435
2792 0.575219 0.388354 0.0364263
116 0.485618 0.237561 0.27682
181 0.0429961 0.389956 0.567048
3759 0.179323 0.740096 0.0805817
3760 0.0429242 0.687284 0.269792
4026 0.151282 0.575194 0.273524
4081 0.445646 0.370517 0.183837
2367 0.535217 0.125457 0.339326
4082 0.37755 0.597055 0.0253951
1668 0.540205 0.148835 0.31096
2151 0.475932 0.486836 0.0372317
3621 0.046233 0.262369 0.691398
1948 0.679495 0.2972 0.0233047
1949 0.0850574 0.540593 0.37435
1949 0.487007 0.17747 0.335523
3707 0.238497 0.0171848 0.744318
1978 0.740644 0.101248 0.158108
2698 0.280308 0.223884 0.495808
70 0.348609 0.465294 0.186097
1276 0.28835 0.135206 0.576444
4341 0.0531981 0.294708 0.652094
830 0.0296752 0.900266 0.0700591
4360 0 0.5 0.5
1716 0.472344 0.526311 0.00134557
4416 0.414206 0.226715 0.359079
3255 0.0328493 0.580009 0.387142
504 0.364023 0.287368 0.348609
3653 0.289858 0.26481 0.445332
1367 0.023082 0.707565 0.269353
3274 0.00547429 0.23296 0.761565
681 0 0.5 0.5
3159 0.185916 0.716361 0.0977221
1359 0.373059 0.40221 0.224732
949 0.168738 0.639718 0.191544
2912 0.0246946 0.14324 0.832066
2913 0.480159 0.300039 0.219801
4410 0.601325 0.339093 0.0595818
3908 0.0775297 0.832055 0.0904151
4207 0.65036 0.0270054 0.322634
761 0.475632 0.0909891 0.433379
3712 0.803588 0.174136 0.0222763
2295 0.256617 0.511334 0.232049
3477 0.101406 0.736777 0.161816
962 0.384324 0.445232 0.170444
2422 0.5 0.5 0
223 0.405215 0.169904 0.424881
1652 0.696972 0.221457 0.0815716
2063 0.118888 0.782191 0.0989209
2487 0.170865 0.118425 0.71071
1029 0.0694596 0.0525469 0.877993
2486 0.333565 0.0498617 0.616573
2544 0.576613 0.109359 0.314027
538 0.0458595 0.65504 0.299101
538 0.358752 0.365865 0.275383
1114 0.425498 0.403531 0.170971
1114 0.051389 0.911996 0.0366149
125 0.475508 0.109099 0.415393
2498 0.065149 0.821936 0.112915
1630 0.160116 0.619448 0.220436
2498 0.517137 0.188085 0.294778
264 0.269393 0.397251 0.333356
369 0.174862 0.457602 0.367536
2176 0.164271 0.372195 0.463535
3642 0.48837 0.213371 0.298259
1110 0.289049 0.576524 0.134428
4525 0.759204 0.11809 0.122706
3555 0.00768132 0.736878 0.25544
2539 0.307474 0.178566 0.51396
1558 0.40542 0.0533214 0.541258
2447 0.375853 0.098741 0.525406
885 0.713028 0.120795 0.166177
1308 0.5 0.5 0
3169 0.44163 0.494126 0.0642436
149 0.858234 0.0251691 0.116597
3752 0.0815456 0.458848 0.459607
1565 0.649794 0.213103 0.137103
1678 0.233688 0.557895 0.208417
1923 0.135153 0.0167889 0.848058
745 0 0.5 0.5
3454 0.0523547 0.130812 0.816833
2991 0.227727 0.436207 0.336066
701 0.0323165 0.792541 0.175142
701 0.32559 0.266319 0.408091
3576 0.755963 0.0582581 0.185779
2758 0.818495 0.0118821 0.169623
2856 0.70136 0.218955 0.079685
763 0.5 0.5 0
315 0.246046 0.661431 0.0925232
708 0.419685 0.0872259 0.493089
1402 0.0849718 0.353954 0.561074
961 0.297675 0.0437345 0.65859
2443 0.429479 0.479984 0.0905369
1942 0.149781 0.768786 0.0814322
621 0.186218 0.302681 0.511102
1797 0.386511 0.0859997 0.527489
2940 0.234823 0.59247 0.172706
397 0.190556 0.513794 0.295651
3804 0.513715 0.208651 0.277633
1369 0.060348 0.432813 0.506839
22 0.176763 0.615467 0.207771
3655 0.902767 0.0536694 0.0435639
1410 0.747728 0.208883 0.0433892
2377 0.359661 0.23972 0.400618
2218 0.554869 0.345456 0.0996743
2217 0.4928 0.466041 0.0411596
2673 0.378141 0.433132 0.188727
2234 0.309145 0.0789198 0.611935
4197 0.288408 0.0974686 0.614124
2233 0.0668745 0.77588 0.157246
477 0.626226 0.279368 0.094406
2018 0.724531 0.255644 0.0198251
481 0.164774 0.100256 0.734969
269 0.22039 0.127049 0.65256
1760 0.229622 0.560756 0.209623
2704 0.378889 0.0100678 0.611043
277 0.062545 0.705105 0.23235
2038 0.197243 0.62933 0.173427
2708 0.100098 0.897115 0.00278701
4099 0.765918 0.160025 0.0740567
1434 0.2636 0.0926888 0.643712
3068 0.389685 0.0274262 0.582889
517 0.268774 0.112457 0.618769
2826 0 0 1
1164 0.330525 0.170289 0.499185
728 0.361206 0.52009 0.118704
190 0.328119 0.151808 0.520074
3322 0.665917 0.0111665 0.322916
1876 0.5 0.5 0
215 0.194163 0.183917 0.62192
3363 0.465607 0.341979 0.192414
3493 1 0 0
1841 0.145093 0.122519 0.732388
1011 0.594096 0.284766 0.121138
1508 0.151066 0.242184 0.60675
1508 0.44988 0.148491 0.401629
2800 0.449787 0.392177 0.158036
265 0.525393 0.419289 0.0553184
2727 0.321711 0.271287 0.407002
3315 0.505264 0.351264 0.143472
2728 0.0308581 0.421178 0.547964
4220 0.241495 0.277066 0.481438
2853 0.26787 0.00808621 0.724044
225 0.322543 0.564533 0.112924
1014 0.0628173 0.585254 0.351928
1195 0.105827 0.250782 0.643391
1687 0.374347 0.0251628 0.60049
2784 0.161411 0.651987 0.186602
29 0.20163 0.129939 0.668431
3334 0.392558 0.512069 0.0953724
1403 0.286147 0.128434 0.585419
2527 0.194441 0.729731 0.0758276
1891 0.055879 0.40038 0.543741
4284 0.447074 0.214291 0.338635
3193 0.378954 0.327297 0.293748
2945 0.547012 0.0627106 0.390278
2102 0.933452 0.0447573 0.0217909
175 0.0596169 0.817686 0.122697
3323 0.468258 0.10679 0.424952
3615 0.181712 0.368387 0.449901
2531 0.23246 0.0726048 0.694935
61 0.186821 0.745707 0.0674718
4039 0.437508 0.123725 0.438766
1815 0.321301 0.165584 0.513115
2901 0.110135 0.846975 0.04289
442 0.101036 0.696656 0.202307
1868 0.552498 0.150004 0.297498
1562 0.0638183 0.185693 0.750488
4356 0.412113 0.456833 0.131054
862 0.0150559 0.826055 0.15889
1156 0.173077 0.305432 0.521491
1157 0.763003 0.222343 0.0146543
2362 0.180133 0.168315 0.651552
4360 0.741986 0.228611 0.0294024
2662 0.284471 0.431581 0.283948
2662 0.903628 0.0898822 0.00648982
4257 0.478523 0.0550975 0.46638
4126 0.124093 0.177327 0.69858
119 0.5 0 0.5
989 0.0648517 0.464238 0.47091
3053 0.130782 0.298116 0.571102
2463 0.209923 0.398597 0.39148
3985 0.0684352 0.781446 0.150119
3828 0.254388 0.12657 0.619042
2049 0.310302 0.504753 0.184945
57 0.551461 0.351628 0.0969111
3359 0.093046 0.62549 0.281464
734 0.830023 0.0700456 0.099931
2172 0.0469237 0.744116 0.20896
1411 0.748845 0.131499 0.119656
3634 0.645317 0.207432 0.147251
3278 0.212668 0.32367 0.463661
4313 0.362263 0.107561 0.530176
1387 0.230505 0.0303492 0.739146
6 0.604247 0.0382129 0.35754
645 0.17228 0.101116 0.726605
1712 0.270161 0.241447 0.488392
2555 0.91117 0.0682507 0.0205795
2554 0.391919 0.031096 0.576985
3673 0.5126 0.296213 0.191187
3058 0.0471786 0.527114 0.425708
427 0.876704 0.063826 0.0594696
3688 0.159016 0.515649 0.325335
1992 0.0498596 0.500654 0.449486
2431 0.584469 0.177746 0.237784
1395 0.352769 0.111738 0.535494
3823 0.298773 0.647072 0.0541558
2923 0.183356 0.352202 0.464441
2923 0.526047 0.394777 0.0791761
3725 0.496054 0.181937 0.32201
2435 0.606846 0.13496 0.258193
1384 0.343451 0.483178 0.173371
124 0.279508 0.206009 0.514484
1754 0.126538 0.28912 0.584342
124 0.751692 0.107359 0.14095
3952 0.215736 0.012137 0.772127
3952 0 0.5 0.5
1983 0.0492839 0.446253 0.504463
3440 0.33785 0.128219 0.533931
11 0.882076 0.0276551 0.0902692
141 0.201824 0.292252 0.505923
1944 0.144896 0.234294 0.620809
83 0.0986011 0.806577 0.0948216
49 0.0688439 0.637658 0.293498
1641 0.634585 0.0459501 0.319465
3291 0.246873 0.0242539 0.728873
2817 0.29058 0.433571 0.27585
2729 0.281503 0.612995 0.105502
516 0.641404 0.105093 0.253504
2078 0.370331 0.185853 0.443816
74 0.494576 0.0221216 0.483302
769 0.110861 0.567862 0.321277
4142 0.0808351 0.51067 0.408495
3163 0.61604 0.0308395 0.353121
4276 0.653834 0.180276 0.165891
301 0.658059 0.00598952 0.335951
887 0.169696 0.379303 0.451
2248 0 0.5 0.5
841 0.565328 0.286569 0.148103
2243 0 0.5 0.5
1831 0.166814 0.690813 0.142374
3971 0.807598 0.178144 0.0142579
3092 0.5 0.5 0
1650 0.792629 0.102312 0.105058
845 0.0624535 0.310688 0.626858
3063 0.360851 0.531346 0.107803
1789 0.0812902 0.437435 0.481275
3002 0.0775293 0.901323 0.021148
756 0.297797 0.337236 0.364967
2321 0.645979 0.268691 0.0853307
631 0.663609 0.0274123 0.308979
1162 0.485365 0.0237539 0.490881
3002 0.646133 0.16079 0.193077
3003 0.146174 0.416989 0.436837
3005 0.169011 0.756089 0.0749002
2970 0.577005 0.09826 0.324735
1421 0.0070974 0.622311 0.370592
2329 0.5 0.5 0
2097 0.0288052 0.946716 0.0244786
2958 0.0852151 0.520908 0.393877
4396 0.0897435 0.162295 0.747962
2959 0.323451 0.0922485 0.584301
3604 0.086617 0.686586 0.226797
4396 0.163453 0.741826 0.0947213
2240 0.0823538 0.561816 0.35583
819 0.245681 0.130256 0.624064
3537 0.353535 0.135223 0.511242
1343 0.504344 0.0148227 0.480833
875 0.304997 0.678914 0.0160892
509 0.0883667 0.574442 0.337192
1776 0.406235 0.382383 0.211382
4306 1 0 0
2291 0.843374 0.129332 0.0272938
1126 0.195347 0.485664 0.318988
979 0.121783 0.161615 0.716602
979 0.0323885 0.727764 0.239847
1757 0.136369 0.226313 0.637318
544 0.675389 0.129616 0.194995
2632 0.0744238 0.856284 0.0692922
2330 0.238223 0.509351 0.252426
1057 0.497162 0.186865 0.315973
2934 0.196015 0.732485 0.0714996
2010 0.679926 0.061384 0.25869
562 0.246124 0.30359 0.450287
35 0.348826 0.535751 0.115423
1840 0.771853 0.105383 0.122764
970 0.0569313 0.521806 0.421263
1569 0.194456 0.00634486 0.799199
1399 0.306222 0.506501 0.187277
4529 0.645259 0.146842 0.207899
1399 0.0942714 0.264748 0.64098
1275 0 0.5 0.5
3219 0.30614 0.399006 0.294855
175 0.0971732 0.33699 0.565837
3006 0.5 0 0.5
4351 0.025422 0.0202072 0.954371
1268 0.954739 0.0353068 0.00995429
1267 0 0.5 0.5
4351 0.5 0.5 0
4075 0 0.5 0.5
2648 0.471582 0.158899 0.369519
3318 0.00364763 0.949938 0.0464139
3775 0.5 0 0.5
2253 0.40165 0.162148 0.436201
763 0.161816 0.0629086 0.775276
89 0.213649 0.610199 0.176152
1904 0.372679 0.614726 0.0125948
3143 0.0205114 0.325161 0.654328
405 0.171858 0.313723 0.514418
2070 0.536877 0.0701519 0.392971
3330 0.483623 0.491945 0.0244318
997 0.757295 0.0568299 0.185875
2619 0.872866 0.0118106 0.115323
2619 0.337399 0.179795 0.482806
998 0.831384 0.0765486 0.0920677
226 0.165692 0.423832 0.410475
999 0.195983 0.583989 0.220028
2198 0.716022 0.11242 0.171558
1360 0.0554011 0.240128 0.704471
610 0.494636 0.32754 0.177825
3574 0.279562 0.137686 0.582752
3573 0.459064 0.516352 0.0245842
1674 0.244648 0.583772 0.17158
385 0.553411 0.299871 0.146719
2017 0.534983 0.456019 0.00899742
3816 0.68046 0.0134454 0.306094
2465 0.454119 0.351694 0.194188
4334 0.171779 0.541853 0.286368
3171 0.536395 0.369409 0.0941957
1250 0.0452024 0.87465 0.0801476
279 0.731243 0.141687 0.12707
280 0.542923 0.0912582 0.365819
2350 0.523874 0.207003 0.269123
1430 0.844771 0.0320106 0.123219
1430 0.282196 0.500155 0.217648
4406 0.271785 0.00505568 0.72316
3285 0.217204 0.152894 0.629902
2924 0.674579 0.21259 0.11283
2303 0.163539 0.540549 0.295912
1484 0.0262852 0.401633 0.572082
1484 0.592563 0.09773 0.309707
50 0.391992 0.270327 0.33768
3860 0.63073 0.145222 0.224048
3859 0.874416 0.114739 0.0108448
1572 0.208038 0.7288 0.0631628
1528 0.366146 0.522547 0.111307
1778 0.348803 0.502902 0.148295
1883 0.61933 0.239857 0.140812
3093 0.5 0.5 0
845 0.630665 0.219438 0.149897
3149 0.114007 0.0392883 0.846705
3662 0.396271 0.235991 0.367738
1212 0.582643 0.0595441 0.357813
856 0.0598211 0.782288 0.157891
2430 0.528879 0.421489 0.0496325
1603 0.498472 0.405511 0.0960173
3324 0.465936 0.0576335 0.476431
1362 0.346897 0.335327 0.317776
575 0.643846 0.339961 0.0161927
503 0.30176 0.479357 0.218883
4233 0.491384 0.470534 0.0380822
4233 0.27544 0.292387 0.432173
1819 0.899621 0.0168028 0.0835762
4086 0.0351933 0.657599 0.307208
992 0.112064 0.404484 0.483452
3006 0.394615 0.316799 0.288586
1676 0.305946 0.475557 0.218496
3187 0.383038 0.168805 0.448157
381 0.389178 0.390739 0.220083
749 0.14133 0.75761 0.10106
376 0.16817 0.623809 0.208022
2074 0.115132 0.164546 0.720322
484 0.196259 0.183746 0.619994
1027 0.152295 0.670405 0.1773
3305 0.410469 0.224556 0.364975
3105 0.882977 0.0171772 0.0998458
1178 0.278782 0.177832 0.543385
2507 0.677854 0.161521 0.160626
1401 0.18836 0.716075 0.0955653
936 0.071812 0.640044 0.288144
1547 0.783319 0.190658 0.0260224
1871 0.285354 0.371611 0.343036
132 0.890218 0.0202026 0.0895797
2141 0.575619 0.219369 0.205012
3123 0.013848 0.805695 0.180457
1349 0.618019 0.163763 0.218218
3714 0.519593 0.185387 0.295019
627 0.377134 0.0820157 0.54085
3714 0.016375 0.969788 0.0138369
2299 0.5 0.5 0
2299 0.65593 0.105173 0.238897
1298 0.396604 0.410983 0.192412
126 0.0400582 0.275253 0.684689
3518 0.308132 0.138534 0.553334
3001 0.412715 0.309269 0.278016
3939 0.589801 0.244734 0.165465
687 0.556751 0.202918 0.24033
2395 0.288835 0.636213 0.0749519
1578 0.0426012 0.0223367 0.935062
2863 0.21751 0.0337205 0.74877
460 0.360301 0.600417 0.039282
3126 0.230451 0.103565 0.665984
1454 0.407885 0.30173 0.290385
1003 0.472015 0.13827 0.389715
3117 0.623384 0.279003 0.0976132
3228 0.377156 0.244034 0.37881
3639 0.367029 0.180444 0.452527
3731 0.639843 0.183535 0.176622
4384 0.310596 0.0104774 0.678926
1449 0.421622 0.522567 0.055811
637 0.0366085 0.56101 0.402382
1060 0.893393 0.0545515 0.0520559
1060 0.45843 0.376502 0.165068
183 0.716973 0.0888506 0.194177
2400 0.257464 0.644914 0.0976218
1951 0.87405 0.102316 0.0236337
2748 0.0930613 0.525664 0.381274
698 0.00991134 0.915925 0.0741638
2950 0.691742 0.127706 0.180552
2779 0.115615 0.152816 0.731569
2361 0.0295417 0.495026 0.475433
599 0.042119 0.411925 0.545956
293 0.133191 0.166792 0.700018
1372 0.181797 0.204559 0.613644
3703 0.136673 0.624671 0.238657
427 0.0497184 0.786012 0.16427
427 0.293143 0.164644 0.542213
4340 0 0.5 0.5
1459 0.505343 0.376873 0.117785
3545 0.540163 0.327771 0.132067
79 0.0206011 0.879371 0.100028
166 0.401474 0.299127 0.299398
798 0.0135581 0.175588 0.810854
3771 0.459503 0.0621361 0.478361
606 0.179777 0.667095 0.153128
1576 0.326381 0.587118 0.0865006
1848 0.00461705 0.993428 0.00195457
4325 0.353034 0.541683 0.105282
1304 0.327281 0.00924569 0.663473
1717 0.219556 0.632283 0.148161
1717 0.8479 0.029022 0.123078
2160 0.5 0 0.5
3728 0.303812 0.264697 0.431492
3042 0.409825 0.223142 0.367033
1323 0.505659 0.0731587 0.421182
3345 0.63431 0.317408 0.0482821
3152 0.233872 0.343474 0.422654
331 0.766872 0.104832 0.128297
996 0.0450871 0.837445 0.117468
4171 0.886621 0.0367957 0.0765835
3992 0.870297 0.0726167 0.0570864
3992 0.269422 0.0415016 0.689077
719 0.0957238 0.0435518 0.860724
3540 0.0953401 0.300058 0.604602
3539 0.191985 0.202043 0.605972
3539 0.437387 0.484441 0.0781729
1946 0.0121197 0.916085 0.0717957
892 0.549568 0.30039 0.150042
1946 0.0402548 0.373015 0.58673
4478 0.5 0 0.5
2909 0.5 0 0.5
2908 0.168589 0.828849 0.00256257
1920 0.263041 0.708927 0.0280325
3732 0.17622 0.166266 0.657514
3951 0.743787 0.159735 0.0964777
1345 0.874319 0.0778094 0.0478719
4359 0.262937 0.207233 0.529831
1400 0.543133 0.0329891 0.423878
990 0.0117881 0.155297 0.832915
3659 0.37732 0.160279 0.462402
3764 0.105921 0.205398 0.688681
2833 1.40113e-15 1 3.41378e-15
4213 0.236174 0.204045 0.559782
1058 0.367621 0.333798 0.298582
670 0.748853 0.189351 0.0617954
3111 0.111192 0.691321 0.197488
1213 0.423512 0.235586 0.340903
3838 0.22008 0.383569 0.396351
1064 0.900811 0.0758956 0.0232934
2131 0.297911 0.402057 0.300032
1811 0.0853621 0.55659 0.358048
4346 0.227393 0.327811 0.444796
2126 0.270047 0.575842 0.154111
587 0.0361221 0.300461 0.663417
3504 0 0 1
3828 0.690941 0.253326 0.0557324
1740 0.0100426 0.0490674 0.94089
2335 0.166809 0.715949 0.117242
4358 0.750516 0.0679963 0.181488
616 0.16751 0.241759 0.590731
3630 0.298512 0.654398 0.0470897
883 0.148048 0.74912 0.102832
383 0.301481 0.0673888 0.631131
1085 0.0542403 0.688923 0.256837
112 0.760102 0.0965759 0.143322
2198 0.30955 0.0137039 0.676746
536 0.493962 0.0501643 0.455874
3209 0.5 0.5 0
536 0.5 0 0.5
1122 0.814538 0.185051 0.000410772
2036 0.133331 0.663378 0.20329
2558 0.511606 0.0725355 0.415859
2602 0.776982 0.170475 0.0525425
1942 0.467574 0.0901231 0.442302
276 0.355114 0.581443 0.0634429
1909 0.221526 0.272985 0.505489
1798 0.5 0 0.5
2692 0.472822 0.112304 0.414874
1238 0.5 0 0.5
305 0.5 0 0.5
3852 0.598316 0.154581 0.247102
3137 0.0887146 0.818982 0.0923033
3076 0.18711 0.448414 0.364476
1839 0.0313607 0.466395 0.502244
1840 0.0336932 0.926234 0.0400732
2839 0.703775 0.1549 0.141324
1949 0.139106 0.0989994 0.761894
3220 0.461312 0.20736 0.331328
3220 0.0465703 0.126523 0.826907
2254 0.622718 0.201734 0.175548
1250 0.646386 0.0144806 0.339134
3290 0.332753 0.0531099 0.614137
3175 0.861198 0.0855387 0.0532634
1295 0.120713 0.332181 0.547106
3174 0.176274 0.408718 0.415008
470 0.824171 0.0315204 0.144309
2171 0.171329 0.671843 0.156828
165 0.0561858 0.846076 0.0977382
15 0.434896 0.176322 0.388782
15 0.240025 0.325191 0.434785
1787 0.5 0.5 0
372 0.41239 0.462735 0.124875
3139 0 0.5 0.5
1834 0.36141 0.12804 0.510551
711 0.273194 0.138088 0.588718
247 0.329033 0.320945 0.350022
3558 0.468892 0.525891 0.00521642
1670 0.496104 0.0712772 0.432619
894 0.0538596 0.851761 0.094379
1441 0.0952823 0.576551 0.328167
270 0.248672 0.330732 0.420596
1669 0.0572781 0.829302 0.11342
340 0.382779 0.575137 0.0420842
470 0.5 0 0.5
3325 0.536932 0.446 0.0170673
3119 0.5 0 0.5
3325 0 0 1
4080 0.0750649 0.59429 0.330645
2257 0.135439 0.371433 0.493127
2257 0.701469 0.0684102 0.230121
1289 0.730406 0.144692 0.124902
3271 0.353503 0.465759 0.180738
269 0.311239 0.496268 0.192494
4438 0.304561 0.394497 0.300942
2728 0.636923 0.0177424 0.345335
1975 0.922666 0.0686024 0.00873147
237 0.37652 0.513756 0.109724
558 0.211166 0.707594 0.0812405
142 0.409599 0.116413 0.473988
3847 0.640543 0.102431 0.257027
1230 0.285841 0.320868 0.393291
278 0.357622 0.302613 0.339765
2236 0.715213 0.258576 0.0262111
2060 0.0677121 0.446807 0.48548
411 0.373242 0.267376 0.359381
2252 0.117513 0.0737474 0.80874
764 0.348805 0.458115 0.19308
3550 0.24237 0.214801 0.542828
3549 0.321045 0.354221 0.324734
1332 0.515593 0.0941222 0.390285
4381 0.618623 0.0592053 0.322172
3598 0.147883 0.812516 0.039601
2237 0.158746 0.209344 0.63191
1353 0.118315 0.188996 0.692689
4112 0.152654 0.309493 0.537853
4193 0 0.5 0.5
2531 1 0 0
1477 0.312516 0.23223 0.455254
3194 0.5 0 0.5
3166 0.314253 0.019851 0.665896
4089 0.336037 0.439673 0.22429
3609 0.0392244 0.0379791 0.922796
672 0.53658 0.270294 0.193126
4084 0.433898 0.126658 0.439444
4083 0.5 0.5 0
1272 0.306653 0.0154884 0.677859
1264 0.771126 0.051789 0.177085
2680 0.702972 0.0899692 0.207059
103 0.836702 0.0777721 0.0855255
19 0.126822 0.243818 0.62936
4187 0 0 1
2289 0.208416 0.409157 0.382427
2438 0.0329992 0.608291 0.35871
657 0.150599 0.530422 0.318979
2994 0.240435 0.0434988 0.716066
3897 0.710815 0.250508 0.0386773
1792 0.152353 0.168478 0.679168
3977 0.673088 0.0631912 0.263721
1792 0.822696 0.0864612 0.0908425
1039 0.270959 0.365249 0.363792
2026 0.161997 0.657118 0.180884
2027 0.144427 0.726945 0.128628
2052 0 0.5 0.5
2871 0.0859511 0.352496 0.561553
2568 0.67143 0.022396 0.306174
4059 0.321995 0.424409 0.253597
52 0.218513 0.58599 0.195498
805 0.321111 0.274145 0.404744
467 0.484977 0.443894 0.0711291
368 0 0.5 0.5
988 0.0540799 0.507318 0.438602
289 0.60018 0.0183976 0.381423
1866 0.742005 0.201675 0.0563195
1866 0 0.5 0.5
3727 0.630614 0.127818 0.241568
2198 0.122543 0.693088 0.184369
3288 0.000587055 0.616576 0.382837
755 0.244051 0.203628 0.552322
44 0.17444 0.0905199 0.73504
2622 0.112692 0.85179 0.0355179
2134 0.131375 0.259441 0.609184
1623 0.758429 0.199077 0.0424938
1377 0.0275334 0.209255 0.763211
1929 0.234389 0.297278 0.468333
487 0.64033 0.0586444 0.301026
3626 0.275565 0.147431 0.577004
2988 0.0790676 0.549516 0.371416
26 0.398457 0.412517 0.189026
460 0.35683 0.155189 0.487982
3974 0.5 0.5 0
4257 0 0.5 0.5
7 0.529925 0.268709 0.201366
3729 0.027766 0.82287 0.149363
2575 0.368211 0.366724 0.265065
2574 0.283464 0.443937 0.272599
728 0.270307 0.229325 0.500367
446 0.173078 0.196887 0.630035
1875 0.476549 0.267726 0.255724
4058 0.143688 0.315976 0.540335
671 0.28762 0.239271 0.473109
1310 0.741139 0.197557 0.0613038
4058 0.664901 0.151919 0.18318
1423 0.0798972 0.626832 0.29327
4043 0.0888341 0.388022 0.523144
975 0.0591543 0.795403 0.145443
700 0.160654 0.339534 0.499811
3832 0.179427 0.103007 0.717567
575 0.324033 0.622317 0.0536499
118 0.500736 0.208836 0.290428
2209 0.0811381 0.550013 0.368849
3392 0.513485 0.0564426 0.430073
1286 0.156894 0.371039 0.472066
1062 0.329987 0.167473 0.50254
3557 0.351942 0.464469 0.183589
1062 0.514898 0.242341 0.242761
2764 0.474586 0.30635 0.219064
1838 0.455826 0.110116 0.434059
3557 0.0358508 0.255698 0.708451
1474 0.322024 0.21236 0.465616
1473 0.281338 0.631211 0.0874507
4184 0.302077 0.275595 0.422328
1389 0.040857 0.364675 0.594468
834 0.254391 0.123136 0.622473
834 0.489281 0.432469 0.0782497
2445 0.734292 0.222275 0.0434323
614 0.592228 0.381988 0.0257844
418 0.423292 0.364811 0.211897
3875 0.0674513 0.315702 0.616847
1472 0.350969 0.545956 0.103075
542 0.25706 0.345549 0.397391
1693 0.204852 0.110249 0.684899
828 0.16543 0.0470132 0.787556
2244 0.575136 0.0153133 0.409551
2047 0 0.5 0.5
3708 0.33809 0.539924 0.121985
2239 0.0325244 0.755957 0.211519
1170 0.129214 0.533319 0.337467
3226 0.740692 0.0664979 0.192811
2449 0.637062 0.00531329 0.357624
193 0.957142 0.0105799 0.0322781
3356 0.283333 0.623932 0.0927343
3839 0 0.5 0.5
3740 0.444119 0.0788146 0.477066
3839 0.308227 0.492024 0.19975
1730 0.357687 0.130797 0.511516
1729 0.0432978 0.279099 0.677603
34 0.126363 0.531694 0.341943
3678 0.602516 0.00667 0.390814
1779 0.194765 0.427412 0.377823
979 0.323505 0.667182 0.0093134
2904 0.20761 0.183946 0.608444
1361 0.0817035 0.373557 0.54474
350 0.69914 0.296897 0.00396316
1291 0.122953 0.344907 0.53214
3914 0.584404 0.0533205 0.362276
3691 0.220744 0.151421 0.627836
3913 0.451577 0.213996 0.334427
2866 0.182872 0.324333 0.492795
2982 0.0916788 0.902725 0.00559584
2684 0.0053483 0.420093 0.574559
2016 0.529799 0.25896 0.211241
784 0.308274 0.548657 0.143069
3343 0.216043 0.0203206 0.763636
165 0.590772 0.158645 0.250583
165 0.532015 0.0232563 0.444729
1247 0.0667476 0.456969 0.476283
3213 0.146998 0.322223 0.530778
3037 0.357669 0.211253 0.431078
2398 0.471275 0.283887 0.244838
3090 0.495988 0.127003 0.377009
1982 0.36582 0.3881 0.24608
3297 0.0848537 0.584167 0.330979
3381 0.503311 0.299246 0.197444
3381 0 0 1
3003 0.4094 0.484399 0.106201
735 0.10454 0.0619303 0.83353
3400 0.205598 0.279406 0.514996
2464 0.0386564 0.0772587 0.884085
632 0.192035 0.297353 0.510612
2024 0.626382 0.0642284 0.30939
2721 0.703188 0.24072 0.0560915
3183 0.0397904 0.173847 0.786362
1769 0.265175 0.133354 0.601471
3041 0 0.5 0.5
682 0.33519 0.560017 0.104793
2168 0.608526 0.153749 0.237725
80 0.312077 0.372734 0.315189
3350 0.451712 0.00317077 0.545117
1317 0.29272 0.256613 0.450667
2117 0.0292895 0.18634 0.784371
3810 0.027809 0.558701 0.41349
3377 0.681251 0.0714463 0.247303
2793 0.249483 0.567715 0.182803
389 0.121077 0.568835 0.310087
3651 0.205539 0.573259 0.221202
483 0.659801 0.319345 0.0208532
2428 0.400988 0.241339 0.357672
3211 0.442605 0.0620039 0.495391
1010 0.5 0 0.5
2616 0.208831 0.0791596 0.712009
465 0.522525 0.154739 0.322736
3358 0.102443 0.730728 0.166829
770 0.520969 0.25164 0.227392
313 0.338522 0.384524 0.276954
807 0.154145 0.203057 0.642797
2175 0.414562 0.266544 0.318893
808 0.5 0 0.5
2994 0.457877 0.470873 0.0712496
1580 0.200062 0.420089 0.379849
4272 0.29801 0.624077 0.0779137
57 0.316621 0.358598 0.324781
1049 0.265183 0.290668 0.444149
2181 0.104553 0.351104 0.544343
287 0.0606292 0.75747 0.181901
1404 0.0365037 0.860557 0.102939
749 0.643676 0.12958 0.226744
2441 0.563626 0.185421 0.250953
2784 0.604193 0.240983 0.154825
1403 0.75775 0.23444 0.00780955
3333 0.57153 0.426061 0.00240946
2501 0.067742 0.831808 0.10045
108 0.0472613 0.0238293 0.928909
492 0.800753 0.0894721 0.109775
4462 0.449348 0.363017 0.187635
1844 0.0175599 0.625851 0.356589
2369 0.744491 0.0877104 0.167799
23 0.211321 0.169158 0.619522
4329 0.5 0 0.5
333 0.708715 0.103998 0.187287
1101 1 0 0
2917 0.0351464 0.881394 0.08346
2532 0.776593 0.163444 0.0599637
218 0.580432 0.243401 0.176167
1100 0.189561 0.0864529 0.723986
4373 0.393445 0.455305 0.15125
1298 0.0138405 0.53124 0.454919
4258 0.252198 0.435699 0.312103
1298 0 0.5 0.5
1882 0.412517 0.43334 0.154143
1307 0.0472928 0.759511 0.193196
3644 0.156747 0.018062 0.825191
2927 0.369456 0.281707 0.348836
2926 0.102542 0.773534 0.123924
4125 0.0620313 0.00935518 0.928613
1609 0.392742 0.40355 0.203709
2865 0.870131 0.0180459 0.111823
2288 0.668616 0.300649 0.030735
1018 1.00363e-13 1 4.56557e-13
1862 0.125609 0.410474 0.463917
3082 0.565648 0.114384 0.319968
702 0.112861 0.185778 0.701361
2432 0 0 1
773 0.388742 0.52707 0.0841881
406 0.226929 0.0912452 0.681826
2475 0.323625 0.285348 0.391027
195 0.215566 0.647086 0.137348
1075 0.0407568 0.185405 0.773838
3709 0.430672 0.47008 0.0992473
1074 0.326623 0.285549 0.387828
1074 0.5 0 0.5
1584 0.318187 0.116001 0.565812
2191 0.31668 0.570054 0.113266
619 0.453625 0.376736 0.169639
2714 0.284365 0.274149 0.441487
1421 0 1 0
652 0.150329 0.795099 0.0545724
630 0.055676 0.415988 0.528336
3918 0.172809 0.0551535 0.772038
658 0.462705 0.176393 0.360903
97 0.470227 0.505005 0.0247677
1596 0.600962 0.0674616 0.331576
3514 0 0.5 0.5
1919 0.660414 0.147664 0.191922
560 0.162359 0.0894276 0.748213
807 0.247618 0.651928 0.100455
4351 0.511992 0.27244 0.215568
1675 0.11935 0.634298 0.246352
3472 0.234852 0.0536647 0.711483
993 0.418508 0.132362 0.44913
359 0.064492 0.36943 0.566078
233 0.200903 0.0664311 0.732666
1847 0.272014 0.310481 0.417504
1562 0.530451 0.1388 0.330749
2385 0.738214 0.220973 0.0408125
436 0.0485998 0.591324 0.360076
3587 0.115095 0.610471 0.274434
854 0.264381 0.235441 0.500178
1874 0.299168 0.39989 0.300942
4205 0.646363 0.047546 0.306091
2466 0.0607918 0.878974 0.0602338
335 0.0838477 0.354922 0.56123
416 0.592027 0.244009 0.163964
1706 0.475653 0.352552 0.171796
2039 0.118653 0.822552 0.0587947
2039 0.189322 0.341093 0.469585
2769 0.700321 0.127589 0.17209
3800 0.10795 0.364963 0.527087
2918 0.0502989 0.000511414 0.94919
1557 0.259402 0.698983 0.0416149
519 0.2052 0.325599 0.469201
3923 0.0189484 0.832497 0.148555
1080 0.144998 0.839979 0.0150228
1808 0.815776 0.153506 0.0307178
1391 0.152357 0.195708 0.651935
2967 0.0460999 0.705068 0.248832
1242 0.215988 0.466797 0.317215
1665 0.760481 0.0933635 0.146156
755 0.283324 0.4909 0.225776
123 0.5 0 0.5
3947 0.693853 0.0393796 0.266768
123 0.177253 0.807887 0.01486
1279 0.161372 0.617672 0.220956
3948 0.5 0.5 0
3238 0.659424 0.103575 0.237001
3237 0.323902 0.325573 0.350524
2600 0.00125871 0.169283 0.829459
3926 0.277475 0.0418981 0.680627
1479 0.1522 0.108693 0.739108
4118 0.426826 0.499686 0.073488
4139 0.265882 0.619885 0.114234
1996 0.141088 0.549833 0.309079
1263 0.601811 0.125067 0.273123
103 0.136247 0.146224 0.717529
3995 0.506464 0.105491 0.388045
2680 0.228323 0.534282 0.237396
262 0.612158 0.281956 0.105887
829 0.0454219 0.411879 0.542699
3072 0.204812 0.291458 0.50373
3055 0.25375 0.564252 0.181998
2469 0.375474 0.290479 0.334047
1008 0.5 0 0.5
1277 0.0560506 0.558467 0.385482
3118 0.0638694 0.065608 0.870523
3329 0.0487339 0.792776 0.15849
414 0.289631 0.441919 0.26845
1374 0.175115 0.0451704 0.779714
2188 0.0812835 0.853238 0.0654783
824 0.823484 0.10952 0.0669959
824 0.0410893 0.547842 0.411069
1331 0.0545948 0.385365 0.56004
1157 0.0238149 0.595783 0.380402
2362 0.592422 0.114784 0.292793
3317 0.101141 0.542635 0.356223
2434 0.314552 0.0913776 0.59407
1251 0.215717 0.708499 0.075784
236 0.644008 0.0831725 0.27282
188 0.124059 0.815636 0.0603054
1916 0.378791 0.114784 0.506425
1036 0.657138 0.120492 0.22237
1795 0.0225575 0.64657 0.330873
3684 0.154645 0.500106 0.345249
3138 0.192569 0.101818 0.705613
2029 0 0.5 0.5
2029 0.0762617 0.819591 0.104147
4357 0.240325 0.116516 0.643159
1656 0.518495 0.24903 0.232475
119 0.676655 0.280361 0.0429844
2300 0.476627 0.286911 0.236462
86 0.0297398 0.80222 0.16804
1432 0.528337 0.226863 0.2448
585 0.521406 0.277849 0.200745
3631 0.0844168 0.106306 0.809277
2678 0.715426 0.096378 0.188196
859 0.485114 0.140585 0.374301
2637 0.465926 0.125407 0.408668
1294 0.217281 0.181721 0.600998
1293 0.0514519 0.123142 0.825406
2636 0.661793 0.00512367 0.333083
4413 0.00789812 0.363372 0.62873
3611 0.695799 0.234859 0.0693427
3611 0.0850697 0.47293 0.442
844 0.0868387 0.0390494 0.874112
2211 0.384099 0.475659 0.140242
844 0 0.5 0.5
2353 0.668459 0.260999 0.0705419
3265 0.240615 0.344652 0.414733
977 0.416291 0.00769119 0.576018
2452 0.346953 0.476573 0.176475
156 0.672903 0.143808 0.183288
1388 0.133511 0.126472 0.740017
2831 0.29914 0.311337 0.389522
3910 0.441263 0.109759 0.448977
444 0.0142763 0.066969 0.918755
413 0.334891 0.591927 0.0731819
997 0 0.5 0.5
797 0.196306 0.423438 0.380256
2607 0.476551 0.114001 0.409448
4272 0.5 0.5 0
3444 0.357886 0.172772 0.469341
1579 0.0541217 0.593998 0.351881
1495 0.338605 0.189655 0.47174
3589 0.737799 0.195749 0.0664526
2364 0.462666 0.141237 0.396097
4003 0.881718 0.0799762 0.0383053
1337 0.589345 0.19573 0.214925
3242 1 0 0
1311 0.763429 0.0524741 0.184097
1427 0.423557 0.275097 0.301346
1152 0.557425 0.377724 0.0648509
1959 0.456226 0.516707 0.0270671
595 0.252135 0.148305 0.599561
2394 0.0178752 0.676226 0.305899
3499 0.186477 0.645346 0.168177
493 0.688316 0.268747 0.0429362
2551 0.0951411 0.498172 0.406687
3650 0.5 0.5 0
4519 0.0750491 0.102976 0.821975
2485 0.597322 0.0161916 0.386486
1382 0.0166582 0.843355 0.139987
55 0.108014 0.810229 0.0817567
371 0.460468 0.207506 0.332027
2292 0.871284 0.098371 0.030345
3848 0.384995 0.360751 0.254254
3892 0.18987 0.33527 0.47486
2806 0.119703 0.581093 0.299203
979 0.52751 0.388911 0.0835796
4242 0.324869 0.201169 0.473961
4241 0.261155 0.0339125 0.704932
4130 0.758386 0.0644565 0.177157
1742 0.819839 0.0867341 0.0934272
1594 0.272051 0.187355 0.540594
522 0.385225 0.567738 0.0470371
1785 0.5638 0.13278 0.30342
1188 0.500922 0.133303 0.365775
2905 0.250532 0.178084 0.571384
2865 0.459649 0.401543 0.138808
1186 0.228338 0.191982 0.57968
2162 0.0845058 0.760266 0.155228
3305 0.283912 0.6917 0.0243879
468 0.183241 0.773597 0.0431626
1192 0.361106 0.0966983 0.542196
2824 0.0690807 0.64266 0.28826
1987 0.125738 0.0107143 0.863548
2825 0.394113 0.0965092 0.509378
139 0.100416 0.179007 0.720577
4279 0.5 0.5 0
826 0.0494475 0.103051 0.847502
1269 0.134007 0.686046 0.179946
3120 0.435195 0.239766 0.325039
4369 0.603064 0.0425614 0.354375
2750 0.5 0.5 0
2089 0.333912 0.451557 0.214531
1818 0.5 0 0.5
1817 0.0265715 0.720414 0.253015
3061 0.271775 0.395419 0.332806
1419 0.449869 0.352329 0.197803
1419 0.254529 0.432475 0.312997
2263 0.558456 0.390688 0.0508555
1135 0.40178 0.302004 0.296216
3402 0.290162 0.307303 0.402535
693 0.526516 0.0533572 0.420127
63 0.337508 0.341913 0.320579
1759 0.272733 0.255524 0.471743
933 0.323393 0.263508 0.4131
2232 0 1 0
3546 0.984977 0.0129042 0.00211868
3546 0.502677 0.0536748 0.443648
404 0.550691 0.297593 0.151716
1694 0.525805 0.102755 0.371441
129 0.270289 0.510207 0.219504
1733 0.234286 0.703675 0.0620382
1973 0.0920884 0.572245 0.335667
918 0.261598 0.422263 0.316139
1865 0.20138 0.559811 0.23881
697 0.274208 0.348547 0.377245
2785 0.200357 0.779641 0.0200014
464 0.527814 0.467072 0.00511327
2410 0.218077 0.0607709 0.721152
464 0.441761 0.0615332 0.496706
75 0.644417 0.250035 0.105549
2125 0.137958 0.739149 0.122893
3866 0.010373 0.294392 0.695235
603 0.610737 0.181077 0.208186
175 0.0251545 0.0177871 0.957058
84 0.324807 0.239042 0.436151
1395 0.5 0.5 0
1396 0.118877 0.482692 0.398432
4476 0.299796 0.231259 0.468944
1585 0.878227 0.113176 0.00859729
2654 0.335988 0.141519 0.522493
2762 0.420923 0.360951 0.218126
840 0.239513 0.473799 0.286688
24 0.516015 0.136864 0.347121
260 0.0823226 0.583425 0.334252
2969 0.214416 0.749241 0.0363423
470 0.0894034 0.537293 0.373303
470 0.0136636 0.2862 0.700137
470 0.248184 0.452873 0.298943
165 0.849793 0.145476 0.00473105
165 0.540674 0.352547 0.106779
2287 0.378131 0.131937 0.489932
665 0.375352 0.2083 0.416348
2287 0.0996894 0.704137 0.196173
2926 0.279129 0.258374 0.462497
4405 0.369638 0.293479 0.336884
1711 0.915623 0.0829362 0.00144081
1712 0.492764 0.381834 0.125402
59 0.272172 0.00425014 0.723578
59 0.00498941 0.113066 0.881945
3758 0.110352 0.766479 0.123169
2922 0.46223 0.143874 0.393896
2210 0.15731 0.794837 0.0478529
2210 0.134462 0.242406 0.623132
4037 0.173933 0.0843491 0.741718
771 0.0510838 0.44014 0.508776
2596 0.0225911 0.200549 0.77686
1160 0.143665 0.609319 0.247016
184 0.135361 0.126685 0.737954
398 0.39561 0.306362 0.298028
1228 0.570327 0.265056 0.164617
2863 0.611014 0.301522 0.0874641
3950 0.0726175 0.152784 0.774599
1726 0.546808 0.196099 0.257092
1256 0 0 1
3077 0.749292 0.112555 0.138152
1745 0.0694265 0.276131 0.654442
2720 0.58876 0.323933 0.0873075
242 0.652452 0.0225679 0.32498
3585 0 1 0
4252 0.590575 0.358651 0.050774
1191 0.29749 0.171895 0.530615
2241 0.25328 0.745594 0.00112617
1190 0.335577 0.430194 0.234229
3620 0.104671 0.65669 0.238639
1850 0.523818 0.269715 0.206467
2208 0.470703 0.0898597 0.439437
219 0.104634 0.887165 0.00820017
1708 0.250874 0.744358 0.0047685
1813 0.279964 0.0546099 0.665426
3272 0.339821 0.444141 0.216038
1705 0.325097 0.54402 0.130883
1581 0.543669 0.181306 0.275025
1582 0.239762 0.567753 0.192485
2074 0.508702 0.421981 0.0693164
1114 0.755182 0.069008 0.17581
790 0.395735 0.385735 0.21853
4030 0.00227706 0.241982 0.755741
1146 0.0435442 0.79433 0.162126
4133 0.256006 0.33657 0.407424
1791 0.379433 0.406433 0.214135
2123 1 0 0
3871 0.160134 0.0334255 0.80644
58 0.31317 0.675562 0.0112671
1327 0.446142 0.375359 0.178499
3232 0.547614 0.282035 0.17035
1055 0.497886 0.356842 0.145272
712 0.0494237 0.207532 0.743044
2849 0.134395 0.259662 0.605943
357 0.0310136 0.662631 0.306356
4173 0.54978 0.167952 0.282268
2893 0.17308 0.475804 0.351116
4066 0.0245702 0.885333 0.0900964
3030 0.59066 0.15919 0.250151
872 0.157471 0.19059 0.651939
1749 0.35897 0.521839 0.119191
1482 0.0838369 0.146378 0.769785
397 0 0.5 0.5
4126 0.541292 0.0311281 0.427579
1297 0.222991 0.738414 0.0385952
4125 0.648462 0.209285 0.142253
4126 0.363869 0.58193 0.0542007
3497 0.237526 0.0162511 0.746223
2286 0.416836 0.25974 0.323425
2285 0.280292 0.625072 0.0946359
2442 0.497646 0.148448 0.353907
960 0.243017 0.0825943 0.674388
1513 0.701498 0.0860119 0.21249
1514 0.340222 0.221168 0.438611
221 0.242089 0.20035 0.557561
6 0.0373556 0.581093 0.381551
645 0.385776 0.252567 0.361658
276 0.0336341 0.944341 0.0220248
2250 0.332511 0.346912 0.320577
2717 0.505993 0.392781 0.101226
1670 0.275114 0.599871 0.125015
2343 0.0341692 0.886504 0.0793265
3091 0.0804425 0.496548 0.423009
730 0.198296 0.434504 0.3672
2034 0.473485 0.371973 0.154543
171 0.198157 0.309277 0.492566
1721 0.33632 0.490765 0.172915
3177 0.546927 0.103877 0.349196
2755 0.143285 0.0509264 0.805788
3044 0.668074 0.095194 0.236732
2749 0.904126 0.0612373 0.0346365
966 0.384435 0.359935 0.25563
1271 0.271386 0.669856 0.0587586
4305 0.863691 0.0255057 0.110803
1752 0.442307 0.0606712 0.497022
3661 0.616571 0.075751 0.307678
1213 0.00111823 0.401151 0.597731
1619 0.144715 0.821304 0.0339815
62 0.100956 0.134189 0.764855
3616 0.192057 0.371696 0.436247
1007 0.0294939 0.775608 0.194898
394 0.0977215 0.901372 0.000906546
551 0.440012 0.329088 0.2309
3409 0.592018 0.376812 0.0311706
667 0.349887 0.251227 0.398886
704 0.5487 0.276533 0.174767
4228 0.181945 0.226773 0.591282
2086 0.329772 0.475508 0.19472
1516 0.0369313 0.821278 0.141791
189 0.606257 0.387438 0.00630454
10 0.211761 0.217881 0.570358
1323 0.492987 0.361657 0.145355
3934 0.0433055 0.313238 0.643456
1636 0 0.5 0.5
3473 0.638862 0.133206 0.227932
2122 0.647586 0.0484622 0.303952
808 0 0.5 0.5
1089 0.246627 0.127747 0.625627
4186 0.010644 0.818387 0.170969
4185 0.632097 0.178002 0.189901
183 0.0695151 0.47494 0.455545
4530 0.30428 0.0165977 0.679122
263 0.225986 0.150798 0.623216
1060 0.0152355 0.358117 0.626647
2401 0.0928901 0.428478 0.478632
4062 0.14467 0.686259 0.169071
920 0.462204 0.0835579 0.454238
695 0.344366 0.129362 0.526272
2311 0.270976 0.357314 0.37171
1225 0.443977 0.473519 0.0825047
2836 0.519464 0.299711 0.180825
3973 0.208274 0.648106 0.143619
238 0.900544 0.000636665 0.0988194
850 0.755337 0.181647 0.0630163
2651 0.810265 0.0161181 0.173617
4337 0.186574 0.767556 0.0458707
323 0.397153 0.0177273 0.58512
4345 0.507235 0.303404 0.189361
2875 0.316356 0.381898 0.301746
3693 0.0370865 0.00931734 0.953596
2255 0.644271 0.241042 0.114688
1616 0.0584216 0.700165 0.241414
553 0.153041 0.698199 0.14876
3009 0.352896 0.104899 0.542205
180 0.770616 0.0794361 0.149948
180 0.0653946 0.823674 0.110932
2702 0.068535 0.860836 0.0706288
3992 0.5 0.5 0
719 0.609035 0.36598 0.0249844
3747 0.85291 0.0123016 0.134788
2664 0.531678 0.378283 0.0900384
2663 0.442228 0.0653637 0.492409
3545 0.132607 0.262605 0.604788
1038 0.0976779 0.875715 0.0266072
258 0.627138 0.322817 0.0500448
3015 0.353946 0.63419 0.0118637
3289 0.141562 0.156553 0.701885
2341 0.258405 0.52883 0.212765
984 0.351266 0.438156 0.210578
1264 0.0556447 0.516494 0.427861
1388 0.469158 0.372049 0.158793
4529 0.327175 0.498971 0.173854
2662 0.199812 0.22739 0.572798
4529 0.195253 0.172468 0.632279
830 0.524542 0.364471 0.110987
3633 0.443975 0.502137 0.0538875
